Symbol	Su	Sb	%elong 
Dimension	MPa	MPa	% 
1             	116,424	72,6847	-100,00 
 
Specimen	 1 
OriginalGL	 89,302 	mm	Extenso.GL	 0 mm
Width	 12,1 	mm	Thickness	 6,3 	mm
Area	 76,23 	mm2
Number	Load	Stroke	Elong	Width
X 200msec	tf	mm	mm	mm
 1 	 ,075 	 0 	 0 	 0 
 2 	 ,075 	 ,034 	 0 	 0 
 3 	 ,08 	 ,068 	 0 	 0 
 4 	 ,08 	 ,102 	 0 	 0 
 5 	 ,085 	 ,134 	 0 	 0 
 6 	 ,085 	 ,168 	 0 	 0 
 7 	 ,09 	 ,2 	 0 	 0 
 8 	 ,09 	 ,234 	 0 	 0 
 9 	 ,095 	 ,268 	 0 	 0 
 10 	 ,1 	 ,302 	 0 	 0 
 11 	 ,1 	 ,334 	 0 	 0 
 12 	 ,105 	 ,368 	 0 	 0 
 13 	 ,105 	 ,402 	 0 	 0 
 14 	 ,11 	 ,434 	 0 	 0 
 15 	 ,11 	 ,468 	 0 	 0 
 16 	 ,115 	 ,502 	 0 	 0 
 17 	 ,115 	 ,534 	 0 	 0 
 18 	 ,12 	 ,568 	 0 	 0 
 19 	 ,125 	 ,602 	 0 	 0 
 20 	 ,13 	 ,634 	 0 	 0 
 21 	 ,135 	 ,668 	 0 	 0 
 22 	 ,14 	 ,7 	 0 	 0 
 23 	 ,145 	 ,734 	 0 	 0 
 24 	 ,15 	 ,768 	 0 	 0 
 25 	 ,155 	 ,802 	 0 	 0 
 26 	 ,16 	 ,834 	 0 	 0 
 27 	 ,165 	 ,866 	 0 	 0 
 28 	 ,17 	 ,9 	 0 	 0 
 29 	 ,175 	 ,934 	 0 	 0 
 30 	 ,185 	 ,968 	 0 	 0 
 31 	 ,19 	 1,002 	 0 	 0 
 32 	 ,195 	 1,034 	 0 	 0 
 33 	 ,2 	 1,068 	 0 	 0 
 34 	 ,21 	 1,1 	 0 	 0 
 35 	 ,215 	 1,134 	 0 	 0 
 36 	 ,22 	 1,168 	 0 	 0 
 37 	 ,23 	 1,202 	 0 	 0 
 38 	 ,235 	 1,234 	 0 	 0 
 39 	 ,245 	 1,268 	 0 	 0 
 40 	 ,25 	 1,3 	 0 	 0 
 41 	 ,26 	 1,334 	 0 	 0 
 42 	 ,27 	 1,368 	 0 	 0 
 43 	 ,28 	 1,402 	 0 	 0 
 44 	 ,285 	 1,434 	 0 	 0 
 45 	 ,295 	 1,468 	 0 	 0 
 46 	 ,3 	 1,5 	 0 	 0 
 47 	 ,31 	 1,534 	 0 	 0 
 48 	 ,315 	 1,568 	 0 	 0 
 49 	 ,32 	 1,602 	 0 	 0 
 50 	 ,325 	 1,636 	 0 	 0 
 51 	 ,33 	 1,67 	 0 	 0 
 52 	 ,335 	 1,702 	 0 	 0 
 53 	 ,34 	 1,732 	 0 	 0 
 54 	 ,345 	 1,764 	 0 	 0 
 55 	 ,35 	 1,8 	 0 	 0 
 56 	 ,355 	 1,836 	 0 	 0 
 57 	 ,36 	 1,87 	 0 	 0 
 58 	 ,365 	 1,902 	 0 	 0 
 59 	 ,37 	 1,934 	 0 	 0 
 60 	 ,375 	 1,966 	 0 	 0 
 61 	 ,38 	 2 	 0 	 0 
 62 	 ,38 	 2,034 	 0 	 0 
 63 	 ,385 	 2,068 	 0 	 0 
 64 	 ,39 	 2,102 	 0 	 0 
 65 	 ,395 	 2,134 	 0 	 0 
 66 	 ,4 	 2,168 	 0 	 0 
 67 	 ,405 	 2,202 	 0 	 0 
 68 	 ,41 	 2,236 	 0 	 0 
 69 	 ,415 	 2,268 	 0 	 0 
 70 	 ,415 	 2,3 	 0 	 0 
 71 	 ,42 	 2,334 	 0 	 0 
 72 	 ,425 	 2,368 	 0 	 0 
 73 	 ,43 	 2,402 	 0 	 0 
 74 	 ,455 	 2,602 	 0 	 0 
 75 	 ,455 	 2,634 	 0 	 0 
 76 	 ,46 	 2,668 	 0 	 0 
 77 	 ,465 	 2,702 	 0 	 0 
 78 	 ,47 	 2,734 	 0 	 0 
 79 	 ,47 	 2,768 	 0 	 0 
 80 	 ,475 	 2,8 	 0 	 0 
 81 	 ,48 	 2,834 	 0 	 0 
 82 	 ,485 	 2,868 	 0 	 0 
 83 	 ,485 	 2,902 	 0 	 0 
 84 	 ,49 	 2,934 	 0 	 0 
 85 	 ,495 	 2,968 	 0 	 0 
 86 	 ,5 	 3,002 	 0 	 0 
 87 	 ,505 	 3,034 	 0 	 0 
 88 	 ,505 	 3,068 	 0 	 0 
 89 	 ,51 	 3,1 	 0 	 0 
 90 	 ,51 	 3,134 	 0 	 0 
 91 	 ,515 	 3,168 	 0 	 0 
 92 	 ,52 	 3,202 	 0 	 0 
 93 	 ,525 	 3,234 	 0 	 0 
 94 	 ,53 	 3,268 	 0 	 0 
 95 	 ,53 	 3,302 	 0 	 0 
 96 	 ,535 	 3,334 	 0 	 0 
 97 	 ,54 	 3,368 	 0 	 0 
 98 	 ,545 	 3,4 	 0 	 0 
 99 	 ,545 	 3,434 	 0 	 0 
 100 	 ,55 	 3,468 	 0 	 0 
 101 	 ,555 	 3,502 	 0 	 0 
 102 	 ,555 	 3,536 	 0 	 0 
 103 	 ,56 	 3,57 	 0 	 0 
 104 	 ,565 	 3,602 	 0 	 0 
 105 	 ,565 	 3,634 	 0 	 0 
 106 	 ,57 	 3,666 	 0 	 0 
 107 	 ,575 	 3,7 	 0 	 0 
 108 	 ,575 	 3,736 	 0 	 0 
 109 	 ,58 	 3,77 	 0 	 0 
 110 	 ,585 	 3,802 	 0 	 0 
 111 	 ,585 	 3,834 	 0 	 0 
 112 	 ,59 	 3,868 	 0 	 0 
 113 	 ,595 	 3,9 	 0 	 0 
 114 	 ,595 	 3,934 	 0 	 0 
 115 	 ,6 	 3,968 	 0 	 0 
 116 	 ,605 	 4,002 	 0 	 0 
 117 	 ,605 	 4,036 	 0 	 0 
 118 	 ,61 	 4,068 	 0 	 0 
 119 	 ,61 	 4,102 	 0 	 0 
 120 	 ,615 	 4,136 	 0 	 0 
 121 	 ,62 	 4,168 	 0 	 0 
 122 	 ,62 	 4,202 	 0 	 0 
 123 	 ,625 	 4,234 	 0 	 0 
 124 	 ,625 	 4,266 	 0 	 0 
 125 	 ,63 	 4,3 	 0 	 0 
 126 	 ,63 	 4,336 	 0 	 0 
 127 	 ,635 	 4,37 	 0 	 0 
 128 	 ,635 	 4,402 	 0 	 0 
 129 	 ,64 	 4,436 	 0 	 0 
 130 	 ,64 	 4,468 	 0 	 0 
 131 	 ,645 	 4,5 	 0 	 0 
 132 	 ,655 	 4,668 	 0 	 0 
 133 	 ,66 	 4,702 	 0 	 0 
 134 	 ,66 	 4,734 	 0 	 0 
 135 	 ,665 	 4,766 	 0 	 0 
 136 	 ,665 	 4,8 	 0 	 0 
 137 	 ,67 	 4,834 	 0 	 0 
 138 	 ,67 	 4,868 	 0 	 0 
 139 	 ,675 	 4,902 	 0 	 0 
 140 	 ,675 	 4,936 	 0 	 0 
 141 	 ,675 	 4,968 	 0 	 0 
 142 	 ,68 	 5,002 	 0 	 0 
 143 	 ,68 	 5,034 	 0 	 0 
 144 	 ,685 	 5,066 	 0 	 0 
 145 	 ,685 	 5,102 	 0 	 0 
 146 	 ,69 	 5,136 	 0 	 0 
 147 	 ,695 	 5,17 	 0 	 0 
 148 	 ,695 	 5,202 	 0 	 0 
 149 	 ,695 	 5,234 	 0 	 0 
 150 	 ,695 	 5,266 	 0 	 0 
 151 	 ,7 	 5,3 	 0 	 0 
 152 	 ,7 	 5,334 	 0 	 0 
 153 	 ,705 	 5,368 	 0 	 0 
 154 	 ,705 	 5,402 	 0 	 0 
 155 	 ,71 	 5,436 	 0 	 0 
 156 	 ,71 	 5,468 	 0 	 0 
 157 	 ,71 	 5,5 	 0 	 0 
 158 	 ,715 	 5,534 	 0 	 0 
 159 	 ,72 	 5,568 	 0 	 0 
 160 	 ,72 	 5,602 	 0 	 0 
 161 	 ,725 	 5,634 	 0 	 0 
 162 	 ,725 	 5,668 	 0 	 0 
 163 	 ,725 	 5,702 	 0 	 0 
 164 	 ,725 	 5,734 	 0 	 0 
 165 	 ,725 	 5,768 	 0 	 0 
 166 	 ,725 	 5,802 	 0 	 0 
 167 	 ,73 	 5,834 	 0 	 0 
 168 	 ,73 	 5,868 	 0 	 0 
 169 	 ,735 	 5,902 	 0 	 0 
 170 	 ,735 	 5,934 	 0 	 0 
 171 	 ,74 	 5,968 	 0 	 0 
 172 	 ,74 	 6,002 	 0 	 0 
 173 	 ,74 	 6,034 	 0 	 0 
 174 	 ,745 	 6,066 	 0 	 0 
 175 	 ,75 	 6,102 	 0 	 0 
 176 	 ,755 	 6,136 	 0 	 0 
 177 	 ,755 	 6,17 	 0 	 0 
 178 	 ,75 	 6,202 	 0 	 0 
 179 	 ,75 	 6,236 	 0 	 0 
 180 	 ,75 	 6,268 	 0 	 0 
 181 	 ,75 	 6,302 	 0 	 0 
 182 	 ,755 	 6,334 	 0 	 0 
 183 	 ,755 	 6,368 	 0 	 0 
 184 	 ,755 	 6,402 	 0 	 0 
 185 	 ,76 	 6,434 	 0 	 0 
 186 	 ,76 	 6,466 	 0 	 0 
 187 	 ,76 	 6,5 	 0 	 0 
 188 	 ,765 	 6,534 	 0 	 0 
 189 	 ,765 	 6,568 	 0 	 0 
 190 	 ,77 	 6,602 	 0 	 0 
 191 	 ,775 	 6,636 	 0 	 0 
 192 	 ,775 	 6,668 	 0 	 0 
 193 	 ,775 	 6,702 	 0 	 0 
 194 	 ,77 	 6,734 	 0 	 0 
 195 	 ,775 	 6,768 	 0 	 0 
 196 	 ,775 	 6,802 	 0 	 0 
 197 	 ,775 	 6,834 	 0 	 0 
 198 	 ,78 	 6,868 	 0 	 0 
 199 	 ,78 	 6,902 	 0 	 0 
 200 	 ,78 	 6,936 	 0 	 0 
 201 	 ,785 	 6,968 	 0 	 0 
 202 	 ,785 	 7 	 0 	 0 
 203 	 ,79 	 7,034 	 0 	 0 
 204 	 ,79 	 7,068 	 0 	 0 
 205 	 ,79 	 7,102 	 0 	 0 
 206 	 ,79 	 7,136 	 0 	 0 
 207 	 ,795 	 7,168 	 0 	 0 
 208 	 ,795 	 7,202 	 0 	 0 
 209 	 ,795 	 7,234 	 0 	 0 
 210 	 ,795 	 7,268 	 0 	 0 
 211 	 ,795 	 7,302 	 0 	 0 
 212 	 ,795 	 7,334 	 0 	 0 
 213 	 ,795 	 7,368 	 0 	 0 
 214 	 ,8 	 7,402 	 0 	 0 
 215 	 ,8 	 7,434 	 0 	 0 
 216 	 ,8 	 7,468 	 0 	 0 
 217 	 ,805 	 7,502 	 0 	 0 
 218 	 ,805 	 7,534 	 0 	 0 
 219 	 ,805 	 7,568 	 0 	 0 
 220 	 ,805 	 7,602 	 0 	 0 
 221 	 ,81 	 7,634 	 0 	 0 
 222 	 ,81 	 7,666 	 0 	 0 
 223 	 ,81 	 7,7 	 0 	 0 
 224 	 ,81 	 7,734 	 0 	 0 
 225 	 ,81 	 7,768 	 0 	 0 
 226 	 ,815 	 7,802 	 0 	 0 
 227 	 ,815 	 7,836 	 0 	 0 
 228 	 ,82 	 7,868 	 0 	 0 
 229 	 ,825 	 7,9 	 0 	 0 
 230 	 ,825 	 7,934 	 0 	 0 
 231 	 ,83 	 7,968 	 0 	 0 
 232 	 ,83 	 8,002 	 0 	 0 
 233 	 ,825 	 8,036 	 0 	 0 
 234 	 ,82 	 8,068 	 0 	 0 
 235 	 ,815 	 8,102 	 0 	 0 
 236 	 ,82 	 8,136 	 0 	 0 
 237 	 ,82 	 8,168 	 0 	 0 
 238 	 ,82 	 8,202 	 0 	 0 
 239 	 ,825 	 8,236 	 0 	 0 
 240 	 ,825 	 8,268 	 0 	 0 
 241 	 ,825 	 8,302 	 0 	 0 
 242 	 ,825 	 8,334 	 0 	 0 
 243 	 ,83 	 8,368 	 0 	 0 
 244 	 ,83 	 8,4 	 0 	 0 
 245 	 ,83 	 8,434 	 0 	 0 
 246 	 ,83 	 8,468 	 0 	 0 
 247 	 ,83 	 8,502 	 0 	 0 
 248 	 ,835 	 8,536 	 0 	 0 
 249 	 ,835 	 8,57 	 0 	 0 
 250 	 ,835 	 8,602 	 0 	 0 
 251 	 ,835 	 8,634 	 0 	 0 
 252 	 ,84 	 8,666 	 0 	 0 
 253 	 ,84 	 8,7 	 0 	 0 
 254 	 ,84 	 8,734 	 0 	 0 
 255 	 ,84 	 8,768 	 0 	 0 
 256 	 ,84 	 8,802 	 0 	 0 
 257 	 ,845 	 8,836 	 0 	 0 
 258 	 ,845 	 8,87 	 0 	 0 
 259 	 ,845 	 8,902 	 0 	 0 
 260 	 ,845 	 8,934 	 0 	 0 
 261 	 ,845 	 8,966 	 0 	 0 
 262 	 ,845 	 9,002 	 0 	 0 
 263 	 ,845 	 9,036 	 0 	 0 
 264 	 ,845 	 9,07 	 0 	 0 
 265 	 ,845 	 9,102 	 0 	 0 
 266 	 ,845 	 9,136 	 0 	 0 
 267 	 ,845 	 9,168 	 0 	 0 
 268 	 ,845 	 9,2 	 0 	 0 
 269 	 ,845 	 9,234 	 0 	 0 
 270 	 ,845 	 9,266 	 0 	 0 
 271 	 ,85 	 9,3 	 0 	 0 
 272 	 ,855 	 9,334 	 0 	 0 
 273 	 ,86 	 9,368 	 0 	 0 
 274 	 ,86 	 9,402 	 0 	 0 
 275 	 ,86 	 9,434 	 0 	 0 
 276 	 ,86 	 9,468 	 0 	 0 
 277 	 ,86 	 9,502 	 0 	 0 
 278 	 ,86 	 9,536 	 0 	 0 
 279 	 ,86 	 9,568 	 0 	 0 
 280 	 ,86 	 9,602 	 0 	 0 
 281 	 ,86 	 9,634 	 0 	 0 
 282 	 ,86 	 9,668 	 0 	 0 
 283 	 ,86 	 9,7 	 0 	 0 
 284 	 ,86 	 9,734 	 0 	 0 
 285 	 ,855 	 9,768 	 0 	 0 
 286 	 ,855 	 9,802 	 0 	 0 
 287 	 ,855 	 9,834 	 0 	 0 
 288 	 ,855 	 9,868 	 0 	 0 
 289 	 ,855 	 9,902 	 0 	 0 
 290 	 ,85 	 9,936 	 0 	 0 
 291 	 ,85 	 9,968 	 0 	 0 
 292 	 ,855 	 10 	 0 	 0 
 293 	 ,855 	 10,034 	 0 	 0 
 294 	 ,86 	 10,068 	 0 	 0 
 295 	 ,86 	 10,102 	 0 	 0 
 296 	 ,86 	 10,134 	 0 	 0 
 297 	 ,865 	 10,168 	 0 	 0 
 298 	 ,865 	 10,2 	 0 	 0 
 299 	 ,865 	 10,234 	 0 	 0 
 300 	 ,87 	 10,268 	 0 	 0 
 301 	 ,87 	 10,302 	 0 	 0 
 302 	 ,87 	 10,336 	 0 	 0 
 303 	 ,87 	 10,368 	 0 	 0 
 304 	 ,87 	 10,402 	 0 	 0 
 305 	 ,87 	 10,434 	 0 	 0 
 306 	 ,87 	 10,468 	 0 	 0 
 307 	 ,87 	 10,502 	 0 	 0 
 308 	 ,87 	 10,534 	 0 	 0 
 309 	 ,87 	 10,568 	 0 	 0 
 310 	 ,87 	 10,602 	 0 	 0 
 311 	 ,87 	 10,634 	 0 	 0 
 312 	 ,87 	 10,668 	 0 	 0 
 313 	 ,87 	 10,702 	 0 	 0 
 314 	 ,87 	 10,736 	 0 	 0 
 315 	 ,87 	 10,768 	 0 	 0 
 316 	 ,87 	 10,8 	 0 	 0 
 317 	 ,87 	 10,834 	 0 	 0 
 318 	 ,87 	 10,868 	 0 	 0 
 319 	 ,87 	 10,902 	 0 	 0 
 320 	 ,875 	 10,936 	 0 	 0 
 321 	 ,875 	 10,97 	 0 	 0 
 322 	 ,88 	 11,002 	 0 	 0 
 323 	 ,88 	 11,034 	 0 	 0 
 324 	 ,88 	 11,066 	 0 	 0 
 325 	 ,88 	 11,1 	 0 	 0 
 326 	 ,88 	 11,134 	 0 	 0 
 327 	 ,88 	 11,168 	 0 	 0 
 328 	 ,88 	 11,202 	 0 	 0 
 329 	 ,88 	 11,236 	 0 	 0 
 330 	 ,88 	 11,268 	 0 	 0 
 331 	 ,88 	 11,302 	 0 	 0 
 332 	 ,88 	 11,334 	 0 	 0 
 333 	 ,88 	 11,368 	 0 	 0 
 334 	 ,88 	 11,402 	 0 	 0 
 335 	 ,88 	 11,434 	 0 	 0 
 336 	 ,88 	 11,468 	 0 	 0 
 337 	 ,88 	 11,502 	 0 	 0 
 338 	 ,88 	 11,534 	 0 	 0 
 339 	 ,88 	 11,568 	 0 	 0 
 340 	 ,875 	 11,6 	 0 	 0 
 341 	 ,875 	 11,634 	 0 	 0 
 342 	 ,875 	 11,668 	 0 	 0 
 343 	 ,875 	 11,702 	 0 	 0 
 344 	 ,87 	 11,734 	 0 	 0 
 345 	 ,875 	 11,768 	 0 	 0 
 346 	 ,875 	 11,802 	 0 	 0 
 347 	 ,875 	 11,836 	 0 	 0 
 348 	 ,88 	 11,868 	 0 	 0 
 349 	 ,88 	 11,9 	 0 	 0 
 350 	 ,88 	 11,934 	 0 	 0 
 351 	 ,88 	 11,968 	 0 	 0 
 352 	 ,885 	 12,002 	 0 	 0 
 353 	 ,885 	 12,034 	 0 	 0 
 354 	 ,885 	 12,066 	 0 	 0 
 355 	 ,885 	 12,1 	 0 	 0 
 356 	 ,885 	 12,134 	 0 	 0 
 357 	 ,885 	 12,168 	 0 	 0 
 358 	 ,89 	 12,202 	 0 	 0 
 359 	 ,89 	 12,236 	 0 	 0 
 360 	 ,89 	 12,27 	 0 	 0 
 361 	 ,89 	 12,302 	 0 	 0 
 362 	 ,89 	 12,334 	 0 	 0 
 363 	 ,89 	 12,366 	 0 	 0 
 364 	 ,89 	 12,4 	 0 	 0 
 365 	 ,89 	 12,434 	 0 	 0 
 366 	 ,89 	 12,468 	 0 	 0 
 367 	 ,89 	 12,502 	 0 	 0 
 368 	 ,89 	 12,536 	 0 	 0 
 369 	 ,89 	 12,57 	 0 	 0 
 370 	 ,89 	 12,602 	 0 	 0 
 371 	 ,89 	 12,634 	 0 	 0 
 372 	 ,89 	 12,668 	 0 	 0 
 373 	 ,89 	 12,7 	 0 	 0 
 374 	 ,89 	 12,732 	 0 	 0 
 375 	 ,89 	 12,766 	 0 	 0 
 376 	 ,89 	 12,802 	 0 	 0 
 377 	 ,89 	 12,836 	 0 	 0 
 378 	 ,89 	 12,868 	 0 	 0 
 379 	 ,89 	 12,9 	 0 	 0 
 380 	 ,89 	 12,934 	 0 	 0 
 381 	 ,89 	 12,968 	 0 	 0 
 382 	 ,89 	 13 	 0 	 0 
 383 	 ,89 	 13,034 	 0 	 0 
 384 	 ,895 	 13,066 	 0 	 0 
 385 	 ,9 	 13,102 	 0 	 0 
 386 	 ,895 	 13,134 	 0 	 0 
 387 	 ,895 	 13,168 	 0 	 0 
 388 	 ,895 	 13,202 	 0 	 0 
 389 	 ,895 	 13,234 	 0 	 0 
 390 	 ,895 	 13,268 	 0 	 0 
 391 	 ,9 	 13,3 	 0 	 0 
 392 	 ,9 	 13,334 	 0 	 0 
 393 	 ,9 	 13,368 	 0 	 0 
 394 	 ,895 	 13,4 	 0 	 0 
 395 	 ,895 	 13,434 	 0 	 0 
 396 	 ,895 	 13,468 	 0 	 0 
 397 	 ,89 	 13,502 	 0 	 0 
 398 	 ,89 	 13,536 	 0 	 0 
 399 	 ,89 	 13,57 	 0 	 0 
 400 	 ,89 	 13,6 	 0 	 0 
 401 	 ,89 	 13,634 	 0 	 0 
 402 	 ,89 	 13,666 	 0 	 0 
 403 	 ,89 	 13,702 	 0 	 0 
 404 	 ,895 	 13,736 	 0 	 0 
 405 	 ,895 	 13,768 	 0 	 0 
 406 	 ,895 	 13,802 	 0 	 0 
 407 	 ,895 	 13,834 	 0 	 0 
 408 	 ,895 	 13,868 	 0 	 0 
 409 	 ,895 	 13,902 	 0 	 0 
 410 	 ,895 	 13,934 	 0 	 0 
 411 	 ,895 	 13,968 	 0 	 0 
 412 	 ,895 	 14 	 0 	 0 
 413 	 ,9 	 14,034 	 0 	 0 
 414 	 ,9 	 14,068 	 0 	 0 
 415 	 ,9 	 14,102 	 0 	 0 
 416 	 ,9 	 14,134 	 0 	 0 
 417 	 ,9 	 14,168 	 0 	 0 
 418 	 ,9 	 14,202 	 0 	 0 
 419 	 ,9 	 14,236 	 0 	 0 
 420 	 ,9 	 14,268 	 0 	 0 
 421 	 ,9 	 14,302 	 0 	 0 
 422 	 ,9 	 14,334 	 0 	 0 
 423 	 ,895 	 14,368 	 0 	 0 
 424 	 ,9 	 14,402 	 0 	 0 
 425 	 ,9 	 14,434 	 0 	 0 
 426 	 ,9 	 14,468 	 0 	 0 
 427 	 ,9 	 14,634 	 0 	 0 
 428 	 ,905 	 14,668 	 0 	 0 
 429 	 ,905 	 14,702 	 0 	 0 
 430 	 ,905 	 14,734 	 0 	 0 
 431 	 ,905 	 14,768 	 0 	 0 
 432 	 ,905 	 14,8 	 0 	 0 
 433 	 ,905 	 14,834 	 0 	 0 
 434 	 ,905 	 14,868 	 0 	 0 
 435 	 ,9 	 14,902 	 0 	 0 
 436 	 ,9 	 14,936 	 0 	 0 
 437 	 ,9 	 14,968 	 0 	 0 
 438 	 ,9 	 15 	 0 	 0 
 439 	 ,9 	 15,034 	 0 	 0 
 440 	 ,9 	 15,068 	 0 	 0 
 441 	 ,905 	 15,102 	 0 	 0 
 442 	 ,905 	 15,136 	 0 	 0 
 443 	 ,905 	 15,168 	 0 	 0 
 444 	 ,905 	 15,2 	 0 	 0 
 445 	 ,905 	 15,234 	 0 	 0 
 446 	 ,905 	 15,268 	 0 	 0 
 447 	 ,905 	 15,302 	 0 	 0 
 448 	 ,905 	 15,334 	 0 	 0 
 449 	 ,905 	 15,366 	 0 	 0 
 450 	 ,905 	 15,4 	 0 	 0 
 451 	 ,905 	 15,434 	 0 	 0 
 452 	 ,905 	 15,468 	 0 	 0 
 453 	 ,905 	 15,504 	 0 	 0 
 454 	 ,905 	 15,536 	 0 	 0 
 455 	 ,905 	 15,568 	 0 	 0 
 456 	 ,905 	 15,6 	 0 	 0 
 457 	 ,905 	 15,632 	 0 	 0 
 458 	 ,905 	 15,666 	 0 	 0 
 459 	 ,905 	 15,7 	 0 	 0 
 460 	 ,905 	 15,734 	 0 	 0 
 461 	 ,905 	 15,768 	 0 	 0 
 462 	 ,905 	 15,802 	 0 	 0 
 463 	 ,905 	 15,836 	 0 	 0 
 464 	 ,905 	 15,868 	 0 	 0 
 465 	 ,905 	 15,9 	 0 	 0 
 466 	 ,905 	 15,934 	 0 	 0 
 467 	 ,905 	 15,968 	 0 	 0 
 468 	 ,905 	 16,002 	 0 	 0 
 469 	 ,905 	 16,034 	 0 	 0 
 470 	 ,905 	 16,068 	 0 	 0 
 471 	 ,905 	 16,102 	 0 	 0 
 472 	 ,9 	 16,136 	 0 	 0 
 473 	 ,9 	 16,17 	 0 	 0 
 474 	 ,9 	 16,202 	 0 	 0 
 475 	 ,9 	 16,234 	 0 	 0 
 476 	 ,9 	 16,268 	 0 	 0 
 477 	 ,9 	 16,3 	 0 	 0 
 478 	 ,9 	 16,336 	 0 	 0 
 479 	 ,9 	 16,368 	 0 	 0 
 480 	 ,895 	 16,402 	 0 	 0 
 481 	 ,895 	 16,436 	 0 	 0 
 482 	 ,895 	 16,468 	 0 	 0 
 483 	 ,9 	 16,502 	 0 	 0 
 484 	 ,9 	 16,534 	 0 	 0 
 485 	 ,9 	 16,566 	 0 	 0 
 486 	 ,9 	 16,6 	 0 	 0 
 487 	 ,9 	 16,638 	 0 	 0 
 488 	 ,9 	 16,67 	 0 	 0 
 489 	 ,9 	 16,702 	 0 	 0 
 490 	 ,9 	 16,734 	 0 	 0 
 491 	 ,9 	 16,766 	 0 	 0 
 492 	 ,9 	 16,8 	 0 	 0 
 493 	 ,9 	 16,834 	 0 	 0 
 494 	 ,9 	 16,868 	 0 	 0 
 495 	 ,9 	 16,902 	 0 	 0 
 496 	 ,9 	 16,934 	 0 	 0 
 497 	 ,9 	 16,966 	 0 	 0 
 498 	 ,9 	 17 	 0 	 0 
 499 	 ,9 	 17,034 	 0 	 0 
 500 	 ,9 	 17,068 	 0 	 0 
 501 	 ,9 	 17,102 	 0 	 0 
 502 	 ,9 	 17,134 	 0 	 0 
 503 	 ,9 	 17,168 	 0 	 0 
 504 	 ,9 	 17,2 	 0 	 0 
 505 	 ,9 	 17,234 	 0 	 0 
 506 	 ,9 	 17,266 	 0 	 0 
 507 	 ,9 	 17,3 	 0 	 0 
 508 	 ,9 	 17,334 	 0 	 0 
 509 	 ,9 	 17,368 	 0 	 0 
 510 	 ,9 	 17,4 	 0 	 0 
 511 	 ,9 	 17,434 	 0 	 0 
 512 	 ,9 	 17,466 	 0 	 0 
 513 	 ,9 	 17,5 	 0 	 0 
 514 	 ,9 	 17,534 	 0 	 0 
 515 	 ,9 	 17,566 	 0 	 0 
 516 	 ,9 	 17,6 	 0 	 0 
 517 	 ,9 	 17,634 	 0 	 0 
 518 	 ,9 	 17,668 	 0 	 0 
 519 	 ,9 	 17,7 	 0 	 0 
 520 	 ,9 	 17,734 	 0 	 0 
 521 	 ,9 	 17,768 	 0 	 0 
 522 	 ,895 	 17,8 	 0 	 0 
 523 	 ,895 	 17,836 	 0 	 0 
 524 	 ,895 	 17,868 	 0 	 0 
 525 	 ,895 	 17,9 	 0 	 0 
 526 	 ,895 	 17,934 	 0 	 0 
 527 	 ,895 	 17,966 	 0 	 0 
 528 	 ,895 	 17,998 	 0 	 0 
 529 	 ,89 	 18,032 	 0 	 0 
 530 	 ,89 	 18,066 	 0 	 0 
 531 	 ,89 	 18,102 	 0 	 0 
 532 	 ,89 	 18,134 	 0 	 0 
 533 	 ,89 	 18,168 	 0 	 0 
 534 	 ,89 	 18,2 	 0 	 0 
 535 	 ,89 	 18,232 	 0 	 0 
 536 	 ,89 	 18,266 	 0 	 0 
 537 	 ,885 	 18,3 	 0 	 0 
 538 	 ,885 	 18,334 	 0 	 0 
 539 	 ,885 	 18,368 	 0 	 0 
 540 	 ,885 	 18,4 	 0 	 0 
 541 	 ,885 	 18,434 	 0 	 0 
 542 	 ,88 	 18,466 	 0 	 0 
 543 	 ,88 	 18,5 	 0 	 0 
 544 	 ,88 	 18,534 	 0 	 0 
 545 	 ,88 	 18,568 	 0 	 0 
 546 	 ,88 	 18,602 	 0 	 0 
 547 	 ,875 	 18,634 	 0 	 0 
 548 	 ,875 	 18,67 	 0 	 0 
 549 	 ,875 	 18,7 	 0 	 0 
 550 	 ,87 	 18,732 	 0 	 0 
 551 	 ,87 	 18,766 	 0 	 0 
 552 	 ,87 	 18,8 	 0 	 0 
 553 	 ,87 	 18,836 	 0 	 0 
 554 	 ,87 	 18,868 	 0 	 0 
 555 	 ,865 	 18,902 	 0 	 0 
 556 	 ,865 	 18,936 	 0 	 0 
 557 	 ,865 	 18,966 	 0 	 0 
 558 	 ,86 	 19 	 0 	 0 
 559 	 ,86 	 19,032 	 0 	 0 
 560 	 ,86 	 19,066 	 0 	 0 
 561 	 ,855 	 19,1 	 0 	 0 
 562 	 ,855 	 19,134 	 0 	 0 
 563 	 ,85 	 19,168 	 0 	 0 
 564 	 ,85 	 19,2 	 0 	 0 
 565 	 ,85 	 19,234 	 0 	 0 
 566 	 ,845 	 19,268 	 0 	 0 
 567 	 ,845 	 19,3 	 0 	 0 
 568 	 ,845 	 19,334 	 0 	 0 
 569 	 ,84 	 19,366 	 0 	 0 
 570 	 ,84 	 19,398 	 0 	 0 
 571 	 ,84 	 19,432 	 0 	 0 
 572 	 ,835 	 19,466 	 0 	 0 
 573 	 ,835 	 19,502 	 0 	 0 
 574 	 ,83 	 19,536 	 0 	 0 
 575 	 ,83 	 19,568 	 0 	 0 
 576 	 ,825 	 19,6 	 0 	 0 
 577 	 ,825 	 19,634 	 0 	 0 
 578 	 ,82 	 19,668 	 0 	 0 
 579 	 ,82 	 19,7 	 0 	 0 
 580 	 ,815 	 19,732 	 0 	 0 
 581 	 ,815 	 19,766 	 0 	 0 
 582 	 ,815 	 19,8 	 0 	 0 
 583 	 ,81 	 19,832 	 0 	 0 
 584 	 ,81 	 19,866 	 0 	 0 
 585 	 ,805 	 19,9 	 0 	 0 
 586 	 ,8 	 19,936 	 0 	 0 
 587 	 ,8 	 19,966 	 0 	 0 
 588 	 ,795 	 19,998 	 0 	 0 
 589 	 ,795 	 20,032 	 0 	 0 
 590 	 ,79 	 20,066 	 0 	 0 
 591 	 ,785 	 20,1 	 0 	 0 
 592 	 ,785 	 20,134 	 0 	 0 
 593 	 ,78 	 20,168 	 0 	 0 
 594 	 ,775 	 20,2 	 0 	 0 
 595 	 ,775 	 20,236 	 0 	 0 
 596 	 ,77 	 20,268 	 0 	 0 
 597 	 ,765 	 20,3 	 0 	 0 
 598 	 ,765 	 20,334 	 0 	 0 
 599 	 ,76 	 20,366 	 0 	 0 
 600 	 ,755 	 20,4 	 0 	 0 
 601 	 ,755 	 20,434 	 0 	 0 
 602 	 ,75 	 20,466 	 0 	 0 
 603 	 ,745 	 20,5 	 0 	 0 
 604 	 ,74 	 20,534 	 0 	 0 
 605 	 ,735 	 20,568 	 0 	 0 
 606 	 ,73 	 20,6 	 0 	 0 
 607 	 ,73 	 20,634 	 0 	 0 
 608 	 ,725 	 20,666 	 0 	 0 
 609 	 ,72 	 20,7 	 0 	 0 
 610 	 ,715 	 20,732 	 0 	 0 
 611 	 ,71 	 20,766 	 0 	 0 
 612 	 ,705 	 20,8 	 0 	 0 
 613 	 ,705 	 20,834 	 0 	 0 
 614 	 ,695 	 20,874 	 0 	 0 
 615 	 ,695 	 20,904 	 0 	 0 
 616 	 ,69 	 20,934 	 0 	 0 
 617 	 ,68 	 20,966 	 0 	 0 
 618 	 ,68 	 21 	 0 	 0 
 619 	 ,675 	 21,032 	 0 	 0 
 620 	 ,67 	 21,066 	 0 	 0 
 621 	 ,665 	 21,1 	 0 	 0 
 622 	 ,655 	 21,132 	 0 	 0 
 623 	 ,65 	 21,168 	 0 	 0 
 624 	 ,645 	 21,202 	 0 	 0 
 625 	 ,635 	 21,234 	 0 	 0 
 626 	 ,63 	 21,266 	 0 	 0 
 627 	 ,625 	 21,3 	 0 	 0 
 628 	 ,62 	 21,334 	 0 	 0 
 629 	 ,61 	 21,366 	 0 	 0 
 630 	 ,605 	 21,4 	 0 	 0 
 631 	 ,6 	 21,434 	 0 	 0 
 632 	 ,59 	 21,466 	 0 	 0 
 633 	 ,58 	 21,5 	 0 	 0 
 634 	 ,575 	 21,534 	 0 	 0 
 635 	 ,565 	 21,568 	 0 	 0 
 636 	 ,55 	 21,604 	 0 	 0 
