Symbol	Su	Sb	%elong 
Dimension	MPa	MPa	% 
1             	113,851	72,6847	-100,00 
 
Specimen	 1 
OriginalGL	 89,314 	mm	Extenso.GL	 0 mm
Width	 12,1 	mm	Thickness	 6,3 	mm
Area	 76,23 	mm2
Number	Load	Stroke	Elong	Width
X 200msec	tf	mm	mm	mm
 1 	 ,075 	 0 	 0 	 0 
 2 	 ,08 	 ,034 	 0 	 0 
 3 	 ,08 	 ,068 	 0 	 0 
 4 	 ,085 	 ,102 	 0 	 0 
 5 	 ,09 	 ,134 	 0 	 0 
 6 	 ,09 	 ,168 	 0 	 0 
 7 	 ,095 	 ,2 	 0 	 0 
 8 	 ,095 	 ,234 	 0 	 0 
 9 	 ,1 	 ,268 	 0 	 0 
 10 	 ,105 	 ,302 	 0 	 0 
 11 	 ,105 	 ,334 	 0 	 0 
 12 	 ,11 	 ,368 	 0 	 0 
 13 	 ,115 	 ,402 	 0 	 0 
 14 	 ,115 	 ,434 	 0 	 0 
 15 	 ,12 	 ,468 	 0 	 0 
 16 	 ,125 	 ,502 	 0 	 0 
 17 	 ,13 	 ,534 	 0 	 0 
 18 	 ,135 	 ,568 	 0 	 0 
 19 	 ,14 	 ,602 	 0 	 0 
 20 	 ,145 	 ,634 	 0 	 0 
 21 	 ,15 	 ,668 	 0 	 0 
 22 	 ,155 	 ,7 	 0 	 0 
 23 	 ,16 	 ,734 	 0 	 0 
 24 	 ,17 	 ,768 	 0 	 0 
 25 	 ,175 	 ,802 	 0 	 0 
 26 	 ,18 	 ,834 	 0 	 0 
 27 	 ,19 	 ,868 	 0 	 0 
 28 	 ,195 	 ,902 	 0 	 0 
 29 	 ,2 	 ,934 	 0 	 0 
 30 	 ,21 	 ,968 	 0 	 0 
 31 	 ,22 	 1,002 	 0 	 0 
 32 	 ,225 	 1,036 	 0 	 0 
 33 	 ,23 	 1,068 	 0 	 0 
 34 	 ,24 	 1,1 	 0 	 0 
 35 	 ,25 	 1,134 	 0 	 0 
 36 	 ,255 	 1,168 	 0 	 0 
 37 	 ,265 	 1,202 	 0 	 0 
 38 	 ,27 	 1,236 	 0 	 0 
 39 	 ,28 	 1,268 	 0 	 0 
 40 	 ,285 	 1,302 	 0 	 0 
 41 	 ,295 	 1,334 	 0 	 0 
 42 	 ,3 	 1,368 	 0 	 0 
 43 	 ,305 	 1,4 	 0 	 0 
 44 	 ,31 	 1,434 	 0 	 0 
 45 	 ,315 	 1,468 	 0 	 0 
 46 	 ,32 	 1,502 	 0 	 0 
 47 	 ,325 	 1,534 	 0 	 0 
 48 	 ,33 	 1,568 	 0 	 0 
 49 	 ,335 	 1,6 	 0 	 0 
 50 	 ,34 	 1,634 	 0 	 0 
 51 	 ,345 	 1,668 	 0 	 0 
 52 	 ,345 	 1,702 	 0 	 0 
 53 	 ,35 	 1,734 	 0 	 0 
 54 	 ,355 	 1,768 	 0 	 0 
 55 	 ,36 	 1,8 	 0 	 0 
 56 	 ,365 	 1,834 	 0 	 0 
 57 	 ,37 	 1,868 	 0 	 0 
 58 	 ,375 	 1,902 	 0 	 0 
 59 	 ,38 	 1,934 	 0 	 0 
 60 	 ,385 	 1,968 	 0 	 0 
 61 	 ,385 	 2,002 	 0 	 0 
 62 	 ,39 	 2,034 	 0 	 0 
 63 	 ,395 	 2,068 	 0 	 0 
 64 	 ,4 	 2,1 	 0 	 0 
 65 	 ,405 	 2,134 	 0 	 0 
 66 	 ,405 	 2,168 	 0 	 0 
 67 	 ,41 	 2,202 	 0 	 0 
 68 	 ,42 	 2,234 	 0 	 0 
 69 	 ,42 	 2,266 	 0 	 0 
 70 	 ,425 	 2,3 	 0 	 0 
 71 	 ,43 	 2,334 	 0 	 0 
 72 	 ,435 	 2,368 	 0 	 0 
 73 	 ,435 	 2,402 	 0 	 0 
 74 	 ,44 	 2,434 	 0 	 0 
 75 	 ,445 	 2,468 	 0 	 0 
 76 	 ,45 	 2,5 	 0 	 0 
 77 	 ,455 	 2,534 	 0 	 0 
 78 	 ,455 	 2,568 	 0 	 0 
 79 	 ,46 	 2,602 	 0 	 0 
 80 	 ,465 	 2,634 	 0 	 0 
 81 	 ,465 	 2,666 	 0 	 0 
 82 	 ,47 	 2,7 	 0 	 0 
 83 	 ,475 	 2,734 	 0 	 0 
 84 	 ,48 	 2,768 	 0 	 0 
 85 	 ,485 	 2,802 	 0 	 0 
 86 	 ,485 	 2,834 	 0 	 0 
 87 	 ,49 	 2,866 	 0 	 0 
 88 	 ,495 	 2,9 	 0 	 0 
 89 	 ,495 	 2,934 	 0 	 0 
 90 	 ,5 	 2,968 	 0 	 0 
 91 	 ,505 	 3,002 	 0 	 0 
 92 	 ,505 	 3,036 	 0 	 0 
 93 	 ,51 	 3,068 	 0 	 0 
 94 	 ,515 	 3,098 	 0 	 0 
 95 	 ,515 	 3,132 	 0 	 0 
 96 	 ,52 	 3,168 	 0 	 0 
 97 	 ,52 	 3,202 	 0 	 0 
 98 	 ,525 	 3,236 	 0 	 0 
 99 	 ,53 	 3,268 	 0 	 0 
 100 	 ,53 	 3,302 	 0 	 0 
 101 	 ,535 	 3,334 	 0 	 0 
 102 	 ,54 	 3,368 	 0 	 0 
 103 	 ,54 	 3,4 	 0 	 0 
 104 	 ,545 	 3,434 	 0 	 0 
 105 	 ,545 	 3,468 	 0 	 0 
 106 	 ,55 	 3,502 	 0 	 0 
 107 	 ,555 	 3,536 	 0 	 0 
 108 	 ,555 	 3,568 	 0 	 0 
 109 	 ,56 	 3,602 	 0 	 0 
 110 	 ,56 	 3,634 	 0 	 0 
 111 	 ,565 	 3,668 	 0 	 0 
 112 	 ,565 	 3,7 	 0 	 0 
 113 	 ,57 	 3,734 	 0 	 0 
 114 	 ,575 	 3,768 	 0 	 0 
 115 	 ,575 	 3,802 	 0 	 0 
 116 	 ,58 	 3,834 	 0 	 0 
 117 	 ,58 	 3,868 	 0 	 0 
 118 	 ,585 	 3,9 	 0 	 0 
 119 	 ,585 	 3,934 	 0 	 0 
 120 	 ,59 	 3,968 	 0 	 0 
 121 	 ,595 	 4,002 	 0 	 0 
 122 	 ,595 	 4,034 	 0 	 0 
 123 	 ,6 	 4,068 	 0 	 0 
 124 	 ,6 	 4,102 	 0 	 0 
 125 	 ,605 	 4,134 	 0 	 0 
 126 	 ,605 	 4,168 	 0 	 0 
 127 	 ,605 	 4,202 	 0 	 0 
 128 	 ,61 	 4,234 	 0 	 0 
 129 	 ,615 	 4,266 	 0 	 0 
 130 	 ,615 	 4,3 	 0 	 0 
 131 	 ,62 	 4,334 	 0 	 0 
 132 	 ,62 	 4,37 	 0 	 0 
 133 	 ,62 	 4,402 	 0 	 0 
 134 	 ,625 	 4,434 	 0 	 0 
 135 	 ,63 	 4,468 	 0 	 0 
 136 	 ,63 	 4,502 	 0 	 0 
 137 	 ,63 	 4,534 	 0 	 0 
 138 	 ,635 	 4,568 	 0 	 0 
 139 	 ,64 	 4,602 	 0 	 0 
 140 	 ,64 	 4,634 	 0 	 0 
 141 	 ,64 	 4,668 	 0 	 0 
 142 	 ,645 	 4,702 	 0 	 0 
 143 	 ,645 	 4,734 	 0 	 0 
 144 	 ,65 	 4,768 	 0 	 0 
 145 	 ,65 	 4,802 	 0 	 0 
 146 	 ,655 	 4,834 	 0 	 0 
 147 	 ,655 	 4,868 	 0 	 0 
 148 	 ,655 	 4,902 	 0 	 0 
 149 	 ,66 	 4,934 	 0 	 0 
 150 	 ,665 	 4,966 	 0 	 0 
 151 	 ,665 	 5 	 0 	 0 
 152 	 ,665 	 5,034 	 0 	 0 
 153 	 ,665 	 5,066 	 0 	 0 
 154 	 ,67 	 5,102 	 0 	 0 
 155 	 ,675 	 5,136 	 0 	 0 
 156 	 ,68 	 5,17 	 0 	 0 
 157 	 ,68 	 5,202 	 0 	 0 
 158 	 ,68 	 5,234 	 0 	 0 
 159 	 ,68 	 5,268 	 0 	 0 
 160 	 ,68 	 5,3 	 0 	 0 
 161 	 ,685 	 5,334 	 0 	 0 
 162 	 ,685 	 5,368 	 0 	 0 
 163 	 ,69 	 5,402 	 0 	 0 
 164 	 ,69 	 5,436 	 0 	 0 
 165 	 ,69 	 5,468 	 0 	 0 
 166 	 ,695 	 5,502 	 0 	 0 
 167 	 ,695 	 5,536 	 0 	 0 
 168 	 ,7 	 5,568 	 0 	 0 
 169 	 ,705 	 5,6 	 0 	 0 
 170 	 ,705 	 5,634 	 0 	 0 
 171 	 ,705 	 5,666 	 0 	 0 
 172 	 ,705 	 5,7 	 0 	 0 
 173 	 ,705 	 5,734 	 0 	 0 
 174 	 ,71 	 5,768 	 0 	 0 
 175 	 ,71 	 5,802 	 0 	 0 
 176 	 ,715 	 5,834 	 0 	 0 
 177 	 ,715 	 5,868 	 0 	 0 
 178 	 ,715 	 5,902 	 0 	 0 
 179 	 ,72 	 5,934 	 0 	 0 
 180 	 ,72 	 5,968 	 0 	 0 
 181 	 ,725 	 6,002 	 0 	 0 
 182 	 ,73 	 6,036 	 0 	 0 
 183 	 ,735 	 6,068 	 0 	 0 
 184 	 ,73 	 6,102 	 0 	 0 
 185 	 ,73 	 6,134 	 0 	 0 
 186 	 ,73 	 6,166 	 0 	 0 
 187 	 ,73 	 6,2 	 0 	 0 
 188 	 ,73 	 6,234 	 0 	 0 
 189 	 ,735 	 6,268 	 0 	 0 
 190 	 ,735 	 6,302 	 0 	 0 
 191 	 ,74 	 6,336 	 0 	 0 
 192 	 ,74 	 6,368 	 0 	 0 
 193 	 ,745 	 6,4 	 0 	 0 
 194 	 ,745 	 6,434 	 0 	 0 
 195 	 ,745 	 6,468 	 0 	 0 
 196 	 ,75 	 6,502 	 0 	 0 
 197 	 ,755 	 6,534 	 0 	 0 
 198 	 ,755 	 6,568 	 0 	 0 
 199 	 ,755 	 6,602 	 0 	 0 
 200 	 ,755 	 6,636 	 0 	 0 
 201 	 ,75 	 6,668 	 0 	 0 
 202 	 ,75 	 6,7 	 0 	 0 
 203 	 ,755 	 6,734 	 0 	 0 
 204 	 ,755 	 6,768 	 0 	 0 
 205 	 ,76 	 6,802 	 0 	 0 
 206 	 ,76 	 6,836 	 0 	 0 
 207 	 ,76 	 6,868 	 0 	 0 
 208 	 ,765 	 6,9 	 0 	 0 
 209 	 ,765 	 6,934 	 0 	 0 
 210 	 ,765 	 6,968 	 0 	 0 
 211 	 ,77 	 7,002 	 0 	 0 
 212 	 ,77 	 7,036 	 0 	 0 
 213 	 ,77 	 7,068 	 0 	 0 
 214 	 ,775 	 7,1 	 0 	 0 
 215 	 ,78 	 7,134 	 0 	 0 
 216 	 ,785 	 7,168 	 0 	 0 
 217 	 ,785 	 7,202 	 0 	 0 
 218 	 ,775 	 7,236 	 0 	 0 
 219 	 ,775 	 7,27 	 0 	 0 
 220 	 ,775 	 7,302 	 0 	 0 
 221 	 ,78 	 7,334 	 0 	 0 
 222 	 ,78 	 7,368 	 0 	 0 
 223 	 ,78 	 7,4 	 0 	 0 
 224 	 ,785 	 7,434 	 0 	 0 
 225 	 ,785 	 7,466 	 0 	 0 
 226 	 ,785 	 7,5 	 0 	 0 
 227 	 ,785 	 7,536 	 0 	 0 
 228 	 ,79 	 7,57 	 0 	 0 
 229 	 ,79 	 7,602 	 0 	 0 
 230 	 ,79 	 7,634 	 0 	 0 
 231 	 ,79 	 7,666 	 0 	 0 
 232 	 ,79 	 7,7 	 0 	 0 
 233 	 ,795 	 7,736 	 0 	 0 
 234 	 ,795 	 7,77 	 0 	 0 
 235 	 ,8 	 7,802 	 0 	 0 
 236 	 ,8 	 7,834 	 0 	 0 
 237 	 ,795 	 7,868 	 0 	 0 
 238 	 ,795 	 7,902 	 0 	 0 
 239 	 ,8 	 7,936 	 0 	 0 
 240 	 ,8 	 7,97 	 0 	 0 
 241 	 ,8 	 8,002 	 0 	 0 
 242 	 ,8 	 8,036 	 0 	 0 
 243 	 ,8 	 8,068 	 0 	 0 
 244 	 ,8 	 8,1 	 0 	 0 
 245 	 ,805 	 8,134 	 0 	 0 
 246 	 ,805 	 8,168 	 0 	 0 
 247 	 ,81 	 8,202 	 0 	 0 
 248 	 ,81 	 8,234 	 0 	 0 
 249 	 ,81 	 8,27 	 0 	 0 
 250 	 ,81 	 8,304 	 0 	 0 
 251 	 ,81 	 8,334 	 0 	 0 
 252 	 ,815 	 8,368 	 0 	 0 
 253 	 ,815 	 8,4 	 0 	 0 
 254 	 ,815 	 8,434 	 0 	 0 
 255 	 ,815 	 8,468 	 0 	 0 
 256 	 ,815 	 8,502 	 0 	 0 
 257 	 ,82 	 8,534 	 0 	 0 
 258 	 ,825 	 8,568 	 0 	 0 
 259 	 ,825 	 8,602 	 0 	 0 
 260 	 ,815 	 8,634 	 0 	 0 
 261 	 ,815 	 8,668 	 0 	 0 
 262 	 ,815 	 8,702 	 0 	 0 
 263 	 ,815 	 8,734 	 0 	 0 
 264 	 ,815 	 8,768 	 0 	 0 
 265 	 ,82 	 8,802 	 0 	 0 
 266 	 ,82 	 8,836 	 0 	 0 
 267 	 ,82 	 8,868 	 0 	 0 
 268 	 ,82 	 8,902 	 0 	 0 
 269 	 ,825 	 8,936 	 0 	 0 
 270 	 ,825 	 8,968 	 0 	 0 
 271 	 ,825 	 9,002 	 0 	 0 
 272 	 ,825 	 9,034 	 0 	 0 
 273 	 ,825 	 9,068 	 0 	 0 
 274 	 ,825 	 9,1 	 0 	 0 
 275 	 ,83 	 9,132 	 0 	 0 
 276 	 ,83 	 9,168 	 0 	 0 
 277 	 ,83 	 9,202 	 0 	 0 
 278 	 ,83 	 9,236 	 0 	 0 
 279 	 ,835 	 9,268 	 0 	 0 
 280 	 ,835 	 9,302 	 0 	 0 
 281 	 ,835 	 9,334 	 0 	 0 
 282 	 ,835 	 9,368 	 0 	 0 
 283 	 ,83 	 9,402 	 0 	 0 
 284 	 ,83 	 9,436 	 0 	 0 
 285 	 ,83 	 9,468 	 0 	 0 
 286 	 ,83 	 9,502 	 0 	 0 
 287 	 ,83 	 9,536 	 0 	 0 
 288 	 ,83 	 9,568 	 0 	 0 
 289 	 ,835 	 9,602 	 0 	 0 
 290 	 ,835 	 9,634 	 0 	 0 
 291 	 ,835 	 9,668 	 0 	 0 
 292 	 ,835 	 9,702 	 0 	 0 
 293 	 ,835 	 9,734 	 0 	 0 
 294 	 ,835 	 9,768 	 0 	 0 
 295 	 ,84 	 9,8 	 0 	 0 
 296 	 ,84 	 9,834 	 0 	 0 
 297 	 ,84 	 9,868 	 0 	 0 
 298 	 ,84 	 9,902 	 0 	 0 
 299 	 ,845 	 9,936 	 0 	 0 
 300 	 ,845 	 9,968 	 0 	 0 
 301 	 ,845 	 10,002 	 0 	 0 
 302 	 ,845 	 10,036 	 0 	 0 
 303 	 ,845 	 10,068 	 0 	 0 
 304 	 ,845 	 10,1 	 0 	 0 
 305 	 ,845 	 10,134 	 0 	 0 
 306 	 ,845 	 10,168 	 0 	 0 
 307 	 ,845 	 10,202 	 0 	 0 
 308 	 ,845 	 10,236 	 0 	 0 
 309 	 ,85 	 10,268 	 0 	 0 
 310 	 ,85 	 10,3 	 0 	 0 
 311 	 ,85 	 10,334 	 0 	 0 
 312 	 ,855 	 10,368 	 0 	 0 
 313 	 ,855 	 10,402 	 0 	 0 
 314 	 ,855 	 10,436 	 0 	 0 
 315 	 ,855 	 10,47 	 0 	 0 
 316 	 ,855 	 10,502 	 0 	 0 
 317 	 ,855 	 10,534 	 0 	 0 
 318 	 ,855 	 10,568 	 0 	 0 
 319 	 ,855 	 10,602 	 0 	 0 
 320 	 ,855 	 10,636 	 0 	 0 
 321 	 ,855 	 10,67 	 0 	 0 
 322 	 ,85 	 10,702 	 0 	 0 
 323 	 ,85 	 10,736 	 0 	 0 
 324 	 ,85 	 10,768 	 0 	 0 
 325 	 ,845 	 10,802 	 0 	 0 
 326 	 ,845 	 10,836 	 0 	 0 
 327 	 ,845 	 10,87 	 0 	 0 
 328 	 ,845 	 10,902 	 0 	 0 
 329 	 ,845 	 10,936 	 0 	 0 
 330 	 ,845 	 10,968 	 0 	 0 
 331 	 ,845 	 11,002 	 0 	 0 
 332 	 ,845 	 11,036 	 0 	 0 
 333 	 ,845 	 11,068 	 0 	 0 
 334 	 ,845 	 11,1 	 0 	 0 
 335 	 ,85 	 11,134 	 0 	 0 
 336 	 ,855 	 11,168 	 0 	 0 
 337 	 ,855 	 11,202 	 0 	 0 
 338 	 ,855 	 11,234 	 0 	 0 
 339 	 ,855 	 11,268 	 0 	 0 
 340 	 ,855 	 11,302 	 0 	 0 
 341 	 ,855 	 11,336 	 0 	 0 
 342 	 ,855 	 11,366 	 0 	 0 
 343 	 ,86 	 11,4 	 0 	 0 
 344 	 ,86 	 11,434 	 0 	 0 
 345 	 ,86 	 11,47 	 0 	 0 
 346 	 ,86 	 11,504 	 0 	 0 
 347 	 ,86 	 11,536 	 0 	 0 
 348 	 ,86 	 11,568 	 0 	 0 
 349 	 ,865 	 11,6 	 0 	 0 
 350 	 ,865 	 11,634 	 0 	 0 
 351 	 ,865 	 11,802 	 0 	 0 
 352 	 ,865 	 11,836 	 0 	 0 
 353 	 ,865 	 11,868 	 0 	 0 
 354 	 ,865 	 11,902 	 0 	 0 
 355 	 ,865 	 11,934 	 0 	 0 
 356 	 ,86 	 11,968 	 0 	 0 
 357 	 ,86 	 12,002 	 0 	 0 
 358 	 ,86 	 12,036 	 0 	 0 
 359 	 ,865 	 12,068 	 0 	 0 
 360 	 ,865 	 12,102 	 0 	 0 
 361 	 ,865 	 12,136 	 0 	 0 
 362 	 ,865 	 12,168 	 0 	 0 
 363 	 ,865 	 12,198 	 0 	 0 
 364 	 ,87 	 12,234 	 0 	 0 
 365 	 ,87 	 12,268 	 0 	 0 
 366 	 ,87 	 12,304 	 0 	 0 
 367 	 ,87 	 12,336 	 0 	 0 
 368 	 ,87 	 12,37 	 0 	 0 
 369 	 ,875 	 12,402 	 0 	 0 
 370 	 ,875 	 12,434 	 0 	 0 
 371 	 ,875 	 12,468 	 0 	 0 
 372 	 ,875 	 12,5 	 0 	 0 
 373 	 ,875 	 12,534 	 0 	 0 
 374 	 ,875 	 12,568 	 0 	 0 
 375 	 ,87 	 12,602 	 0 	 0 
 376 	 ,865 	 12,636 	 0 	 0 
 377 	 ,865 	 12,668 	 0 	 0 
 378 	 ,865 	 12,702 	 0 	 0 
 379 	 ,865 	 12,736 	 0 	 0 
 380 	 ,865 	 12,768 	 0 	 0 
 381 	 ,865 	 12,802 	 0 	 0 
 382 	 ,865 	 12,836 	 0 	 0 
 383 	 ,865 	 12,868 	 0 	 0 
 384 	 ,865 	 12,902 	 0 	 0 
 385 	 ,865 	 12,934 	 0 	 0 
 386 	 ,865 	 12,968 	 0 	 0 
 387 	 ,87 	 13 	 0 	 0 
 388 	 ,87 	 13,034 	 0 	 0 
 389 	 ,87 	 13,068 	 0 	 0 
 390 	 ,87 	 13,102 	 0 	 0 
 391 	 ,87 	 13,134 	 0 	 0 
 392 	 ,87 	 13,168 	 0 	 0 
 393 	 ,87 	 13,202 	 0 	 0 
 394 	 ,87 	 13,236 	 0 	 0 
 395 	 ,875 	 13,268 	 0 	 0 
 396 	 ,875 	 13,302 	 0 	 0 
 397 	 ,875 	 13,336 	 0 	 0 
 398 	 ,875 	 13,368 	 0 	 0 
 399 	 ,875 	 13,402 	 0 	 0 
 400 	 ,875 	 13,434 	 0 	 0 
 401 	 ,875 	 13,468 	 0 	 0 
 402 	 ,875 	 13,502 	 0 	 0 
 403 	 ,875 	 13,534 	 0 	 0 
 404 	 ,88 	 13,568 	 0 	 0 
 405 	 ,88 	 13,602 	 0 	 0 
 406 	 ,88 	 13,636 	 0 	 0 
 407 	 ,88 	 13,67 	 0 	 0 
 408 	 ,88 	 13,702 	 0 	 0 
 409 	 ,88 	 13,734 	 0 	 0 
 410 	 ,88 	 13,766 	 0 	 0 
 411 	 ,88 	 13,8 	 0 	 0 
 412 	 ,88 	 13,834 	 0 	 0 
 413 	 ,88 	 13,87 	 0 	 0 
 414 	 ,88 	 13,902 	 0 	 0 
 415 	 ,88 	 13,936 	 0 	 0 
 416 	 ,88 	 13,968 	 0 	 0 
 417 	 ,88 	 14,002 	 0 	 0 
 418 	 ,88 	 14,036 	 0 	 0 
 419 	 ,88 	 14,068 	 0 	 0 
 420 	 ,88 	 14,102 	 0 	 0 
 421 	 ,88 	 14,134 	 0 	 0 
 422 	 ,885 	 14,168 	 0 	 0 
 423 	 ,885 	 14,202 	 0 	 0 
 424 	 ,885 	 14,236 	 0 	 0 
 425 	 ,885 	 14,268 	 0 	 0 
 426 	 ,885 	 14,302 	 0 	 0 
 427 	 ,885 	 14,336 	 0 	 0 
 428 	 ,885 	 14,368 	 0 	 0 
 429 	 ,885 	 14,402 	 0 	 0 
 430 	 ,885 	 14,434 	 0 	 0 
 431 	 ,885 	 14,468 	 0 	 0 
 432 	 ,885 	 14,502 	 0 	 0 
 433 	 ,885 	 14,536 	 0 	 0 
 434 	 ,885 	 14,57 	 0 	 0 
 435 	 ,885 	 14,602 	 0 	 0 
 436 	 ,885 	 14,634 	 0 	 0 
 437 	 ,885 	 14,668 	 0 	 0 
 438 	 ,885 	 14,702 	 0 	 0 
 439 	 ,885 	 14,734 	 0 	 0 
 440 	 ,885 	 14,768 	 0 	 0 
 441 	 ,885 	 14,8 	 0 	 0 
 442 	 ,885 	 14,834 	 0 	 0 
 443 	 ,885 	 14,87 	 0 	 0 
 444 	 ,885 	 14,904 	 0 	 0 
 445 	 ,885 	 14,936 	 0 	 0 
 446 	 ,885 	 14,968 	 0 	 0 
 447 	 ,885 	 15 	 0 	 0 
 448 	 ,88 	 15,034 	 0 	 0 
 449 	 ,88 	 15,07 	 0 	 0 
 450 	 ,88 	 15,102 	 0 	 0 
 451 	 ,88 	 15,134 	 0 	 0 
 452 	 ,88 	 15,168 	 0 	 0 
 453 	 ,88 	 15,202 	 0 	 0 
 454 	 ,88 	 15,236 	 0 	 0 
 455 	 ,88 	 15,27 	 0 	 0 
 456 	 ,88 	 15,302 	 0 	 0 
 457 	 ,875 	 15,336 	 0 	 0 
 458 	 ,875 	 15,368 	 0 	 0 
 459 	 ,875 	 15,4 	 0 	 0 
 460 	 ,875 	 15,434 	 0 	 0 
 461 	 ,875 	 15,47 	 0 	 0 
 462 	 ,875 	 15,502 	 0 	 0 
 463 	 ,875 	 15,536 	 0 	 0 
 464 	 ,875 	 15,568 	 0 	 0 
 465 	 ,875 	 15,602 	 0 	 0 
 466 	 ,875 	 15,636 	 0 	 0 
 467 	 ,875 	 15,67 	 0 	 0 
 468 	 ,875 	 15,704 	 0 	 0 
 469 	 ,875 	 15,736 	 0 	 0 
 470 	 ,875 	 15,768 	 0 	 0 
 471 	 ,875 	 15,802 	 0 	 0 
 472 	 ,875 	 15,834 	 0 	 0 
 473 	 ,875 	 15,868 	 0 	 0 
 474 	 ,875 	 15,902 	 0 	 0 
 475 	 ,88 	 15,936 	 0 	 0 
 476 	 ,88 	 15,97 	 0 	 0 
 477 	 ,88 	 16,002 	 0 	 0 
 478 	 ,88 	 16,034 	 0 	 0 
 479 	 ,88 	 16,068 	 0 	 0 
 480 	 ,88 	 16,102 	 0 	 0 
 481 	 ,88 	 16,136 	 0 	 0 
 482 	 ,88 	 16,168 	 0 	 0 
 483 	 ,88 	 16,202 	 0 	 0 
 484 	 ,88 	 16,234 	 0 	 0 
 485 	 ,88 	 16,27 	 0 	 0 
 486 	 ,88 	 16,304 	 0 	 0 
 487 	 ,88 	 16,336 	 0 	 0 
 488 	 ,88 	 16,368 	 0 	 0 
 489 	 ,88 	 16,4 	 0 	 0 
 490 	 ,88 	 16,434 	 0 	 0 
 491 	 ,88 	 16,47 	 0 	 0 
 492 	 ,885 	 16,502 	 0 	 0 
 493 	 ,885 	 16,534 	 0 	 0 
 494 	 ,88 	 16,568 	 0 	 0 
 495 	 ,88 	 16,602 	 0 	 0 
 496 	 ,88 	 16,636 	 0 	 0 
 497 	 ,88 	 16,67 	 0 	 0 
 498 	 ,88 	 16,702 	 0 	 0 
 499 	 ,88 	 16,734 	 0 	 0 
 500 	 ,88 	 16,768 	 0 	 0 
 501 	 ,88 	 16,8 	 0 	 0 
 502 	 ,88 	 16,836 	 0 	 0 
 503 	 ,885 	 16,868 	 0 	 0 
 504 	 ,88 	 16,902 	 0 	 0 
 505 	 ,88 	 16,934 	 0 	 0 
 506 	 ,88 	 16,97 	 0 	 0 
 507 	 ,88 	 17,002 	 0 	 0 
 508 	 ,88 	 17,036 	 0 	 0 
 509 	 ,88 	 17,068 	 0 	 0 
 510 	 ,88 	 17,1 	 0 	 0 
 511 	 ,885 	 17,134 	 0 	 0 
 512 	 ,885 	 17,168 	 0 	 0 
 513 	 ,885 	 17,2 	 0 	 0 
 514 	 ,885 	 17,234 	 0 	 0 
 515 	 ,885 	 17,268 	 0 	 0 
 516 	 ,885 	 17,302 	 0 	 0 
 517 	 ,885 	 17,336 	 0 	 0 
 518 	 ,885 	 17,368 	 0 	 0 
 519 	 ,885 	 17,402 	 0 	 0 
 520 	 ,885 	 17,434 	 0 	 0 
 521 	 ,885 	 17,468 	 0 	 0 
 522 	 ,885 	 17,502 	 0 	 0 
 523 	 ,885 	 17,534 	 0 	 0 
 524 	 ,885 	 17,568 	 0 	 0 
 525 	 ,885 	 17,6 	 0 	 0 
 526 	 ,885 	 17,636 	 0 	 0 
 527 	 ,885 	 17,67 	 0 	 0 
 528 	 ,885 	 17,702 	 0 	 0 
 529 	 ,885 	 17,734 	 0 	 0 
 530 	 ,885 	 17,768 	 0 	 0 
 531 	 ,885 	 17,802 	 0 	 0 
 532 	 ,885 	 17,836 	 0 	 0 
 533 	 ,885 	 17,87 	 0 	 0 
 534 	 ,885 	 17,902 	 0 	 0 
 535 	 ,885 	 17,934 	 0 	 0 
 536 	 ,885 	 17,968 	 0 	 0 
 537 	 ,885 	 18 	 0 	 0 
 538 	 ,885 	 18,036 	 0 	 0 
 539 	 ,885 	 18,07 	 0 	 0 
 540 	 ,885 	 18,102 	 0 	 0 
 541 	 ,885 	 18,134 	 0 	 0 
 542 	 ,885 	 18,166 	 0 	 0 
 543 	 ,885 	 18,2 	 0 	 0 
 544 	 ,88 	 18,236 	 0 	 0 
 545 	 ,88 	 18,268 	 0 	 0 
 546 	 ,88 	 18,302 	 0 	 0 
 547 	 ,88 	 18,336 	 0 	 0 
 548 	 ,88 	 18,368 	 0 	 0 
 549 	 ,88 	 18,402 	 0 	 0 
 550 	 ,88 	 18,434 	 0 	 0 
 551 	 ,88 	 18,468 	 0 	 0 
 552 	 ,88 	 18,502 	 0 	 0 
 553 	 ,88 	 18,534 	 0 	 0 
 554 	 ,88 	 18,568 	 0 	 0 
 555 	 ,88 	 18,6 	 0 	 0 
 556 	 ,88 	 18,634 	 0 	 0 
 557 	 ,88 	 18,668 	 0 	 0 
 558 	 ,88 	 18,702 	 0 	 0 
 559 	 ,875 	 18,736 	 0 	 0 
 560 	 ,875 	 18,77 	 0 	 0 
 561 	 ,875 	 18,802 	 0 	 0 
 562 	 ,875 	 18,834 	 0 	 0 
 563 	 ,875 	 18,868 	 0 	 0 
 564 	 ,875 	 18,9 	 0 	 0 
 565 	 ,87 	 18,932 	 0 	 0 
 566 	 ,87 	 18,968 	 0 	 0 
 567 	 ,87 	 19,002 	 0 	 0 
 568 	 ,87 	 19,038 	 0 	 0 
 569 	 ,87 	 19,07 	 0 	 0 
 570 	 ,87 	 19,102 	 0 	 0 
 571 	 ,87 	 19,134 	 0 	 0 
 572 	 ,865 	 19,166 	 0 	 0 
 573 	 ,865 	 19,2 	 0 	 0 
 574 	 ,865 	 19,234 	 0 	 0 
 575 	 ,865 	 19,268 	 0 	 0 
 576 	 ,865 	 19,302 	 0 	 0 
 577 	 ,865 	 19,334 	 0 	 0 
 578 	 ,86 	 19,368 	 0 	 0 
 579 	 ,86 	 19,402 	 0 	 0 
 580 	 ,86 	 19,434 	 0 	 0 
 581 	 ,86 	 19,468 	 0 	 0 
 582 	 ,86 	 19,502 	 0 	 0 
 583 	 ,855 	 19,536 	 0 	 0 
 584 	 ,855 	 19,568 	 0 	 0 
 585 	 ,855 	 19,6 	 0 	 0 
 586 	 ,85 	 19,634 	 0 	 0 
 587 	 ,85 	 19,668 	 0 	 0 
 588 	 ,85 	 19,702 	 0 	 0 
 589 	 ,85 	 19,736 	 0 	 0 
 590 	 ,845 	 19,77 	 0 	 0 
 591 	 ,845 	 19,802 	 0 	 0 
 592 	 ,845 	 19,834 	 0 	 0 
 593 	 ,84 	 19,866 	 0 	 0 
 594 	 ,84 	 19,9 	 0 	 0 
 595 	 ,84 	 19,934 	 0 	 0 
 596 	 ,84 	 19,968 	 0 	 0 
 597 	 ,835 	 20 	 0 	 0 
 598 	 ,835 	 20,034 	 0 	 0 
 599 	 ,835 	 20,072 	 0 	 0 
 600 	 ,83 	 20,104 	 0 	 0 
 601 	 ,83 	 20,134 	 0 	 0 
 602 	 ,83 	 20,168 	 0 	 0 
 603 	 ,825 	 20,2 	 0 	 0 
 604 	 ,825 	 20,234 	 0 	 0 
 605 	 ,825 	 20,268 	 0 	 0 
 606 	 ,82 	 20,3 	 0 	 0 
 607 	 ,82 	 20,334 	 0 	 0 
 608 	 ,815 	 20,368 	 0 	 0 
 609 	 ,815 	 20,4 	 0 	 0 
 610 	 ,81 	 20,434 	 0 	 0 
 611 	 ,81 	 20,47 	 0 	 0 
 612 	 ,81 	 20,504 	 0 	 0 
 613 	 ,805 	 20,534 	 0 	 0 
 614 	 ,805 	 20,568 	 0 	 0 
 615 	 ,8 	 20,6 	 0 	 0 
 616 	 ,8 	 20,634 	 0 	 0 
 617 	 ,795 	 20,668 	 0 	 0 
 618 	 ,795 	 20,702 	 0 	 0 
 619 	 ,79 	 20,734 	 0 	 0 
 620 	 ,79 	 20,768 	 0 	 0 
 621 	 ,785 	 20,802 	 0 	 0 
 622 	 ,785 	 20,834 	 0 	 0 
 623 	 ,78 	 20,868 	 0 	 0 
 624 	 ,78 	 20,9 	 0 	 0 
 625 	 ,775 	 20,934 	 0 	 0 
 626 	 ,775 	 20,968 	 0 	 0 
 627 	 ,77 	 21 	 0 	 0 
 628 	 ,765 	 21,034 	 0 	 0 
 629 	 ,765 	 21,068 	 0 	 0 
 630 	 ,76 	 21,1 	 0 	 0 
 631 	 ,755 	 21,134 	 0 	 0 
 632 	 ,755 	 21,166 	 0 	 0 
 633 	 ,75 	 21,2 	 0 	 0 
 634 	 ,75 	 21,234 	 0 	 0 
 635 	 ,745 	 21,268 	 0 	 0 
 636 	 ,74 	 21,302 	 0 	 0 
 637 	 ,735 	 21,332 	 0 	 0 
 638 	 ,735 	 21,366 	 0 	 0 
 639 	 ,73 	 21,4 	 0 	 0 
 640 	 ,725 	 21,434 	 0 	 0 
 641 	 ,725 	 21,468 	 0 	 0 
 642 	 ,72 	 21,5 	 0 	 0 
 643 	 ,715 	 21,534 	 0 	 0 
 644 	 ,71 	 21,566 	 0 	 0 
 645 	 ,71 	 21,6 	 0 	 0 
 646 	 ,705 	 21,634 	 0 	 0 
 647 	 ,7 	 21,668 	 0 	 0 
 648 	 ,695 	 21,702 	 0 	 0 
 649 	 ,69 	 21,736 	 0 	 0 
 650 	 ,685 	 21,768 	 0 	 0 
 651 	 ,68 	 21,8 	 0 	 0 
 652 	 ,68 	 21,834 	 0 	 0 
 653 	 ,67 	 21,868 	 0 	 0 
 654 	 ,665 	 21,9 	 0 	 0 
 655 	 ,665 	 21,934 	 0 	 0 
 656 	 ,66 	 21,968 	 0 	 0 
 657 	 ,65 	 22 	 0 	 0 
 658 	 ,645 	 22,034 	 0 	 0 
 659 	 ,64 	 22,066 	 0 	 0 
 660 	 ,635 	 22,1 	 0 	 0 
 661 	 ,63 	 22,134 	 0 	 0 
 662 	 ,625 	 22,166 	 0 	 0 
 663 	 ,62 	 22,2 	 0 	 0 
 664 	 ,61 	 22,234 	 0 	 0 
 665 	 ,605 	 22,268 	 0 	 0 
 666 	 ,595 	 22,3 	 0 	 0 
 667 	 ,59 	 22,334 	 0 	 0 
 668 	 ,585 	 22,368 	 0 	 0 
 669 	 ,575 	 22,402 	 0 	 0 
 670 	 ,565 	 22,434 	 0 	 0 
 671 	 ,555 	 22,468 	 0 	 0 
