Symbol	Su	Sb	%elong 
Dimension	MPa	MPa	% 
1             	116,424	70,1118	19,6948 
 
Specimen	 1 
OriginalGL	 89,394 	mm	Extenso.GL	 0 mm
Width	 12,1 	mm	Thickness	 6,3 	mm
Area	 76,23 	mm2
Number	Load	Stroke	Elong	Width
X 200msec	tf	mm	mm	mm
 1 	 ,075 	 0 	 0 	 0 
 2 	 ,08 	 ,032 	 0 	 0 
 3 	 ,08 	 ,066 	 0 	 0 
 4 	 ,08 	 ,1 	 0 	 0 
 5 	 ,085 	 ,132 	 0 	 0 
 6 	 ,09 	 ,166 	 0 	 0 
 7 	 ,09 	 ,2 	 0 	 0 
 8 	 ,095 	 ,232 	 0 	 0 
 9 	 ,095 	 ,266 	 0 	 0 
 10 	 ,1 	 ,298 	 0 	 0 
 11 	 ,1 	 ,332 	 0 	 0 
 12 	 ,105 	 ,366 	 0 	 0 
 13 	 ,105 	 ,4 	 0 	 0 
 14 	 ,11 	 ,432 	 0 	 0 
 15 	 ,115 	 ,466 	 0 	 0 
 16 	 ,115 	 ,5 	 0 	 0 
 17 	 ,12 	 ,532 	 0 	 0 
 18 	 ,125 	 ,564 	 0 	 0 
 19 	 ,13 	 ,598 	 0 	 0 
 20 	 ,135 	 ,632 	 0 	 0 
 21 	 ,14 	 ,666 	 0 	 0 
 22 	 ,145 	 ,7 	 0 	 0 
 23 	 ,15 	 ,732 	 0 	 0 
 24 	 ,16 	 ,764 	 0 	 0 
 25 	 ,165 	 ,798 	 0 	 0 
 26 	 ,175 	 ,832 	 0 	 0 
 27 	 ,18 	 ,866 	 0 	 0 
 28 	 ,19 	 ,9 	 0 	 0 
 29 	 ,2 	 ,932 	 0 	 0 
 30 	 ,21 	 ,966 	 0 	 0 
 31 	 ,215 	 1 	 0 	 0 
 32 	 ,225 	 1,032 	 0 	 0 
 33 	 ,235 	 1,066 	 0 	 0 
 34 	 ,24 	 1,098 	 0 	 0 
 35 	 ,25 	 1,132 	 0 	 0 
 36 	 ,255 	 1,166 	 0 	 0 
 37 	 ,265 	 1,2 	 0 	 0 
 38 	 ,275 	 1,232 	 0 	 0 
 39 	 ,28 	 1,264 	 0 	 0 
 40 	 ,29 	 1,298 	 0 	 0 
 41 	 ,295 	 1,332 	 0 	 0 
 42 	 ,305 	 1,366 	 0 	 0 
 43 	 ,31 	 1,4 	 0 	 0 
 44 	 ,315 	 1,432 	 0 	 0 
 45 	 ,32 	 1,464 	 0 	 0 
 46 	 ,325 	 1,498 	 0 	 0 
 47 	 ,33 	 1,532 	 0 	 0 
 48 	 ,335 	 1,566 	 0 	 0 
 49 	 ,34 	 1,6 	 0 	 0 
 50 	 ,35 	 1,632 	 0 	 0 
 51 	 ,35 	 1,666 	 0 	 0 
 52 	 ,355 	 1,698 	 0 	 0 
 53 	 ,36 	 1,732 	 0 	 0 
 54 	 ,365 	 1,766 	 0 	 0 
 55 	 ,37 	 1,8 	 0 	 0 
 56 	 ,375 	 1,832 	 0 	 0 
 57 	 ,38 	 1,866 	 0 	 0 
 58 	 ,405 	 2,032 	 0 	 0 
 59 	 ,405 	 2,066 	 0 	 0 
 60 	 ,41 	 2,098 	 0 	 0 
 61 	 ,415 	 2,132 	 0 	 0 
 62 	 ,42 	 2,166 	 0 	 0 
 63 	 ,42 	 2,2 	 0 	 0 
 64 	 ,425 	 2,234 	 0 	 0 
 65 	 ,435 	 2,268 	 0 	 0 
 66 	 ,435 	 2,3 	 0 	 0 
 67 	 ,44 	 2,33 	 0 	 0 
 68 	 ,445 	 2,362 	 0 	 0 
 69 	 ,45 	 2,4 	 0 	 0 
 70 	 ,45 	 2,434 	 0 	 0 
 71 	 ,455 	 2,468 	 0 	 0 
 72 	 ,46 	 2,5 	 0 	 0 
 73 	 ,465 	 2,532 	 0 	 0 
 74 	 ,47 	 2,566 	 0 	 0 
 75 	 ,47 	 2,6 	 0 	 0 
 76 	 ,475 	 2,632 	 0 	 0 
 77 	 ,48 	 2,666 	 0 	 0 
 78 	 ,485 	 2,698 	 0 	 0 
 79 	 ,485 	 2,732 	 0 	 0 
 80 	 ,49 	 2,766 	 0 	 0 
 81 	 ,495 	 2,8 	 0 	 0 
 82 	 ,5 	 2,834 	 0 	 0 
 83 	 ,5 	 2,866 	 0 	 0 
 84 	 ,505 	 2,898 	 0 	 0 
 85 	 ,51 	 2,932 	 0 	 0 
 86 	 ,51 	 2,966 	 0 	 0 
 87 	 ,515 	 3 	 0 	 0 
 88 	 ,52 	 3,032 	 0 	 0 
 89 	 ,525 	 3,066 	 0 	 0 
 90 	 ,525 	 3,098 	 0 	 0 
 91 	 ,53 	 3,132 	 0 	 0 
 92 	 ,535 	 3,166 	 0 	 0 
 93 	 ,54 	 3,2 	 0 	 0 
 94 	 ,54 	 3,232 	 0 	 0 
 95 	 ,545 	 3,266 	 0 	 0 
 96 	 ,55 	 3,3 	 0 	 0 
 97 	 ,55 	 3,332 	 0 	 0 
 98 	 ,555 	 3,366 	 0 	 0 
 99 	 ,56 	 3,4 	 0 	 0 
 100 	 ,565 	 3,434 	 0 	 0 
 101 	 ,565 	 3,466 	 0 	 0 
 102 	 ,57 	 3,498 	 0 	 0 
 103 	 ,575 	 3,532 	 0 	 0 
 104 	 ,575 	 3,566 	 0 	 0 
 105 	 ,58 	 3,6 	 0 	 0 
 106 	 ,58 	 3,632 	 0 	 0 
 107 	 ,585 	 3,666 	 0 	 0 
 108 	 ,59 	 3,7 	 0 	 0 
 109 	 ,595 	 3,732 	 0 	 0 
 110 	 ,595 	 3,766 	 0 	 0 
 111 	 ,6 	 3,8 	 0 	 0 
 112 	 ,6 	 3,832 	 0 	 0 
 113 	 ,605 	 3,866 	 0 	 0 
 114 	 ,61 	 3,898 	 0 	 0 
 115 	 ,61 	 3,932 	 0 	 0 
 116 	 ,615 	 3,966 	 0 	 0 
 117 	 ,615 	 4 	 0 	 0 
 118 	 ,62 	 4,032 	 0 	 0 
 119 	 ,625 	 4,066 	 0 	 0 
 120 	 ,625 	 4,1 	 0 	 0 
 121 	 ,63 	 4,134 	 0 	 0 
 122 	 ,63 	 4,166 	 0 	 0 
 123 	 ,635 	 4,198 	 0 	 0 
 124 	 ,635 	 4,232 	 0 	 0 
 125 	 ,64 	 4,266 	 0 	 0 
 126 	 ,64 	 4,3 	 0 	 0 
 127 	 ,645 	 4,334 	 0 	 0 
 128 	 ,645 	 4,368 	 0 	 0 
 129 	 ,65 	 4,4 	 0 	 0 
 130 	 ,65 	 4,432 	 0 	 0 
 131 	 ,655 	 4,464 	 0 	 0 
 132 	 ,665 	 4,634 	 0 	 0 
 133 	 ,67 	 4,668 	 0 	 0 
 134 	 ,67 	 4,7 	 0 	 0 
 135 	 ,675 	 4,732 	 0 	 0 
 136 	 ,675 	 4,764 	 0 	 0 
 137 	 ,68 	 4,798 	 0 	 0 
 138 	 ,68 	 4,832 	 0 	 0 
 139 	 ,68 	 4,866 	 0 	 0 
 140 	 ,685 	 4,9 	 0 	 0 
 141 	 ,685 	 4,934 	 0 	 0 
 142 	 ,69 	 4,968 	 0 	 0 
 143 	 ,69 	 5 	 0 	 0 
 144 	 ,69 	 5,032 	 0 	 0 
 145 	 ,695 	 5,066 	 0 	 0 
 146 	 ,7 	 5,098 	 0 	 0 
 147 	 ,7 	 5,132 	 0 	 0 
 148 	 ,7 	 5,166 	 0 	 0 
 149 	 ,705 	 5,2 	 0 	 0 
 150 	 ,705 	 5,234 	 0 	 0 
 151 	 ,705 	 5,266 	 0 	 0 
 152 	 ,71 	 5,3 	 0 	 0 
 153 	 ,715 	 5,332 	 0 	 0 
 154 	 ,715 	 5,364 	 0 	 0 
 155 	 ,715 	 5,398 	 0 	 0 
 156 	 ,715 	 5,432 	 0 	 0 
 157 	 ,72 	 5,466 	 0 	 0 
 158 	 ,72 	 5,5 	 0 	 0 
 159 	 ,72 	 5,534 	 0 	 0 
 160 	 ,725 	 5,566 	 0 	 0 
 161 	 ,725 	 5,6 	 0 	 0 
 162 	 ,73 	 5,632 	 0 	 0 
 163 	 ,73 	 5,666 	 0 	 0 
 164 	 ,73 	 5,7 	 0 	 0 
 165 	 ,735 	 5,734 	 0 	 0 
 166 	 ,74 	 5,766 	 0 	 0 
 167 	 ,74 	 5,798 	 0 	 0 
 168 	 ,74 	 5,832 	 0 	 0 
 169 	 ,745 	 5,866 	 0 	 0 
 170 	 ,745 	 5,9 	 0 	 0 
 171 	 ,745 	 5,934 	 0 	 0 
 172 	 ,75 	 5,968 	 0 	 0 
 173 	 ,75 	 6 	 0 	 0 
 174 	 ,75 	 6,034 	 0 	 0 
 175 	 ,75 	 6,066 	 0 	 0 
 176 	 ,75 	 6,098 	 0 	 0 
 177 	 ,755 	 6,132 	 0 	 0 
 178 	 ,755 	 6,166 	 0 	 0 
 179 	 ,755 	 6,2 	 0 	 0 
 180 	 ,76 	 6,232 	 0 	 0 
 181 	 ,76 	 6,266 	 0 	 0 
 182 	 ,765 	 6,3 	 0 	 0 
 183 	 ,775 	 6,466 	 0 	 0 
 184 	 ,77 	 6,498 	 0 	 0 
 185 	 ,77 	 6,532 	 0 	 0 
 186 	 ,77 	 6,566 	 0 	 0 
 187 	 ,775 	 6,598 	 0 	 0 
 188 	 ,775 	 6,634 	 0 	 0 
 189 	 ,78 	 6,666 	 0 	 0 
 190 	 ,78 	 6,7 	 0 	 0 
 191 	 ,78 	 6,732 	 0 	 0 
 192 	 ,785 	 6,766 	 0 	 0 
 193 	 ,785 	 6,8 	 0 	 0 
 194 	 ,785 	 6,836 	 0 	 0 
 195 	 ,79 	 6,866 	 0 	 0 
 196 	 ,79 	 6,898 	 0 	 0 
 197 	 ,79 	 6,932 	 0 	 0 
 198 	 ,79 	 6,966 	 0 	 0 
 199 	 ,795 	 6,998 	 0 	 0 
 200 	 ,795 	 7,032 	 0 	 0 
 201 	 ,8 	 7,066 	 0 	 0 
 202 	 ,795 	 7,1 	 0 	 0 
 203 	 ,79 	 7,134 	 0 	 0 
 204 	 ,795 	 7,166 	 0 	 0 
 205 	 ,795 	 7,2 	 0 	 0 
 206 	 ,795 	 7,232 	 0 	 0 
 207 	 ,8 	 7,266 	 0 	 0 
 208 	 ,8 	 7,298 	 0 	 0 
 209 	 ,805 	 7,334 	 0 	 0 
 210 	 ,805 	 7,366 	 0 	 0 
 211 	 ,805 	 7,4 	 0 	 0 
 212 	 ,81 	 7,432 	 0 	 0 
 213 	 ,81 	 7,466 	 0 	 0 
 214 	 ,81 	 7,5 	 0 	 0 
 215 	 ,81 	 7,534 	 0 	 0 
 216 	 ,81 	 7,566 	 0 	 0 
 217 	 ,815 	 7,598 	 0 	 0 
 218 	 ,815 	 7,632 	 0 	 0 
 219 	 ,815 	 7,668 	 0 	 0 
 220 	 ,82 	 7,7 	 0 	 0 
 221 	 ,82 	 7,734 	 0 	 0 
 222 	 ,815 	 7,766 	 0 	 0 
 223 	 ,815 	 7,8 	 0 	 0 
 224 	 ,815 	 7,832 	 0 	 0 
 225 	 ,815 	 7,866 	 0 	 0 
 226 	 ,82 	 7,898 	 0 	 0 
 227 	 ,82 	 7,932 	 0 	 0 
 228 	 ,825 	 7,966 	 0 	 0 
 229 	 ,825 	 8 	 0 	 0 
 230 	 ,825 	 8,032 	 0 	 0 
 231 	 ,825 	 8,066 	 0 	 0 
 232 	 ,83 	 8,098 	 0 	 0 
 233 	 ,83 	 8,132 	 0 	 0 
 234 	 ,83 	 8,166 	 0 	 0 
 235 	 ,83 	 8,2 	 0 	 0 
 236 	 ,83 	 8,234 	 0 	 0 
 237 	 ,83 	 8,266 	 0 	 0 
 238 	 ,835 	 8,298 	 0 	 0 
 239 	 ,835 	 8,332 	 0 	 0 
 240 	 ,835 	 8,366 	 0 	 0 
 241 	 ,835 	 8,4 	 0 	 0 
 242 	 ,84 	 8,432 	 0 	 0 
 243 	 ,84 	 8,466 	 0 	 0 
 244 	 ,84 	 8,5 	 0 	 0 
 245 	 ,835 	 8,534 	 0 	 0 
 246 	 ,835 	 8,566 	 0 	 0 
 247 	 ,835 	 8,6 	 0 	 0 
 248 	 ,835 	 8,632 	 0 	 0 
 249 	 ,84 	 8,666 	 0 	 0 
 250 	 ,84 	 8,7 	 0 	 0 
 251 	 ,84 	 8,734 	 0 	 0 
 252 	 ,84 	 8,766 	 0 	 0 
 253 	 ,845 	 8,8 	 0 	 0 
 254 	 ,845 	 8,832 	 0 	 0 
 255 	 ,845 	 8,866 	 0 	 0 
 256 	 ,845 	 8,9 	 0 	 0 
 257 	 ,845 	 8,934 	 0 	 0 
 258 	 ,845 	 8,966 	 0 	 0 
 259 	 ,85 	 9 	 0 	 0 
 260 	 ,85 	 9,032 	 0 	 0 
 261 	 ,85 	 9,066 	 0 	 0 
 262 	 ,85 	 9,1 	 0 	 0 
 263 	 ,85 	 9,132 	 0 	 0 
 264 	 ,85 	 9,166 	 0 	 0 
 265 	 ,85 	 9,198 	 0 	 0 
 266 	 ,85 	 9,232 	 0 	 0 
 267 	 ,855 	 9,264 	 0 	 0 
 268 	 ,855 	 9,298 	 0 	 0 
 269 	 ,86 	 9,332 	 0 	 0 
 270 	 ,86 	 9,366 	 0 	 0 
 271 	 ,86 	 9,4 	 0 	 0 
 272 	 ,86 	 9,434 	 0 	 0 
 273 	 ,855 	 9,466 	 0 	 0 
 274 	 ,855 	 9,498 	 0 	 0 
 275 	 ,855 	 9,536 	 0 	 0 
 276 	 ,855 	 9,568 	 0 	 0 
 277 	 ,855 	 9,6 	 0 	 0 
 278 	 ,86 	 9,632 	 0 	 0 
 279 	 ,86 	 9,666 	 0 	 0 
 280 	 ,86 	 9,698 	 0 	 0 
 281 	 ,86 	 9,732 	 0 	 0 
 282 	 ,86 	 9,766 	 0 	 0 
 283 	 ,865 	 9,8 	 0 	 0 
 284 	 ,865 	 9,832 	 0 	 0 
 285 	 ,865 	 9,866 	 0 	 0 
 286 	 ,865 	 9,898 	 0 	 0 
 287 	 ,865 	 9,932 	 0 	 0 
 288 	 ,865 	 9,966 	 0 	 0 
 289 	 ,865 	 10 	 0 	 0 
 290 	 ,865 	 10,032 	 0 	 0 
 291 	 ,865 	 10,066 	 0 	 0 
 292 	 ,87 	 10,1 	 0 	 0 
 293 	 ,87 	 10,132 	 0 	 0 
 294 	 ,87 	 10,166 	 0 	 0 
 295 	 ,87 	 10,2 	 0 	 0 
 296 	 ,865 	 10,232 	 0 	 0 
 297 	 ,865 	 10,266 	 0 	 0 
 298 	 ,865 	 10,3 	 0 	 0 
 299 	 ,865 	 10,334 	 0 	 0 
 300 	 ,87 	 10,366 	 0 	 0 
 301 	 ,87 	 10,4 	 0 	 0 
 302 	 ,87 	 10,432 	 0 	 0 
 303 	 ,87 	 10,464 	 0 	 0 
 304 	 ,87 	 10,498 	 0 	 0 
 305 	 ,875 	 10,532 	 0 	 0 
 306 	 ,875 	 10,566 	 0 	 0 
 307 	 ,875 	 10,6 	 0 	 0 
 308 	 ,875 	 10,632 	 0 	 0 
 309 	 ,875 	 10,666 	 0 	 0 
 310 	 ,875 	 10,7 	 0 	 0 
 311 	 ,88 	 10,732 	 0 	 0 
 312 	 ,88 	 10,766 	 0 	 0 
 313 	 ,88 	 10,798 	 0 	 0 
 314 	 ,88 	 10,832 	 0 	 0 
 315 	 ,88 	 10,866 	 0 	 0 
 316 	 ,88 	 10,9 	 0 	 0 
 317 	 ,88 	 10,932 	 0 	 0 
 318 	 ,88 	 10,966 	 0 	 0 
 319 	 ,88 	 11 	 0 	 0 
 320 	 ,88 	 11,034 	 0 	 0 
 321 	 ,88 	 11,068 	 0 	 0 
 322 	 ,875 	 11,102 	 0 	 0 
 323 	 ,875 	 11,134 	 0 	 0 
 324 	 ,875 	 11,166 	 0 	 0 
 325 	 ,875 	 11,198 	 0 	 0 
 326 	 ,885 	 11,23 	 0 	 0 
 327 	 ,885 	 11,264 	 0 	 0 
 328 	 ,885 	 11,3 	 0 	 0 
 329 	 ,885 	 11,332 	 0 	 0 
 330 	 ,89 	 11,366 	 0 	 0 
 331 	 ,89 	 11,398 	 0 	 0 
 332 	 ,89 	 11,432 	 0 	 0 
 333 	 ,89 	 11,466 	 0 	 0 
 334 	 ,89 	 11,5 	 0 	 0 
 335 	 ,89 	 11,534 	 0 	 0 
 336 	 ,885 	 11,566 	 0 	 0 
 337 	 ,88 	 11,732 	 0 	 0 
 338 	 ,88 	 11,766 	 0 	 0 
 339 	 ,885 	 11,932 	 0 	 0 
 340 	 ,885 	 11,966 	 0 	 0 
 341 	 ,89 	 11,998 	 0 	 0 
 342 	 ,89 	 12,032 	 0 	 0 
 343 	 ,89 	 12,066 	 0 	 0 
 344 	 ,89 	 12,1 	 0 	 0 
 345 	 ,89 	 12,132 	 0 	 0 
 346 	 ,89 	 12,164 	 0 	 0 
 347 	 ,89 	 12,198 	 0 	 0 
 348 	 ,89 	 12,234 	 0 	 0 
 349 	 ,89 	 12,268 	 0 	 0 
 350 	 ,89 	 12,3 	 0 	 0 
 351 	 ,89 	 12,332 	 0 	 0 
 352 	 ,89 	 12,364 	 0 	 0 
 353 	 ,89 	 12,398 	 0 	 0 
 354 	 ,895 	 12,432 	 0 	 0 
 355 	 ,895 	 12,464 	 0 	 0 
 356 	 ,9 	 12,5 	 0 	 0 
 357 	 ,9 	 12,532 	 0 	 0 
 358 	 ,9 	 12,568 	 0 	 0 
 359 	 ,9 	 12,6 	 0 	 0 
 360 	 ,9 	 12,632 	 0 	 0 
 361 	 ,9 	 12,666 	 0 	 0 
 362 	 ,895 	 12,7 	 0 	 0 
 363 	 ,895 	 12,732 	 0 	 0 
 364 	 ,9 	 12,9 	 0 	 0 
 365 	 ,9 	 12,932 	 0 	 0 
 366 	 ,9 	 12,966 	 0 	 0 
 367 	 ,9 	 12,998 	 0 	 0 
 368 	 ,905 	 13,034 	 0 	 0 
 369 	 ,905 	 13,068 	 0 	 0 
 370 	 ,905 	 13,1 	 0 	 0 
 371 	 ,905 	 13,132 	 0 	 0 
 372 	 ,905 	 13,164 	 0 	 0 
 373 	 ,905 	 13,198 	 0 	 0 
 374 	 ,905 	 13,232 	 0 	 0 
 375 	 ,895 	 13,266 	 0 	 0 
 376 	 ,89 	 13,3 	 0 	 0 
 377 	 ,89 	 13,336 	 0 	 0 
 378 	 ,89 	 13,368 	 0 	 0 
 379 	 ,895 	 13,4 	 0 	 0 
 380 	 ,895 	 13,432 	 0 	 0 
 381 	 ,895 	 13,466 	 0 	 0 
 382 	 ,895 	 13,5 	 0 	 0 
 383 	 ,895 	 13,534 	 0 	 0 
 384 	 ,895 	 13,566 	 0 	 0 
 385 	 ,895 	 13,6 	 0 	 0 
 386 	 ,895 	 13,634 	 0 	 0 
 387 	 ,895 	 13,666 	 0 	 0 
 388 	 ,9 	 13,7 	 0 	 0 
 389 	 ,9 	 13,734 	 0 	 0 
 390 	 ,9 	 13,766 	 0 	 0 
 391 	 ,9 	 13,8 	 0 	 0 
 392 	 ,9 	 13,832 	 0 	 0 
 393 	 ,9 	 13,866 	 0 	 0 
 394 	 ,9 	 13,9 	 0 	 0 
 395 	 ,9 	 13,934 	 0 	 0 
 396 	 ,9 	 13,968 	 0 	 0 
 397 	 ,9 	 13,998 	 0 	 0 
 398 	 ,9 	 14,032 	 0 	 0 
 399 	 ,9 	 14,064 	 0 	 0 
 400 	 ,9 	 14,098 	 0 	 0 
 401 	 ,9 	 14,132 	 0 	 0 
 402 	 ,9 	 14,166 	 0 	 0 
 403 	 ,905 	 14,2 	 0 	 0 
 404 	 ,905 	 14,232 	 0 	 0 
 405 	 ,905 	 14,266 	 0 	 0 
 406 	 ,905 	 14,3 	 0 	 0 
 407 	 ,905 	 14,332 	 0 	 0 
 408 	 ,905 	 14,366 	 0 	 0 
 409 	 ,905 	 14,4 	 0 	 0 
 410 	 ,9 	 14,432 	 0 	 0 
 411 	 ,9 	 14,466 	 0 	 0 
 412 	 ,9 	 14,498 	 0 	 0 
 413 	 ,9 	 14,532 	 0 	 0 
 414 	 ,9 	 14,566 	 0 	 0 
 415 	 ,9 	 14,6 	 0 	 0 
 416 	 ,9 	 14,632 	 0 	 0 
 417 	 ,9 	 14,666 	 0 	 0 
 418 	 ,9 	 14,702 	 0 	 0 
 419 	 ,9 	 14,734 	 0 	 0 
 420 	 ,9 	 14,766 	 0 	 0 
 421 	 ,9 	 14,8 	 0 	 0 
 422 	 ,9 	 14,832 	 0 	 0 
 423 	 ,9 	 14,866 	 0 	 0 
 424 	 ,9 	 14,9 	 0 	 0 
 425 	 ,905 	 14,934 	 0 	 0 
 426 	 ,905 	 14,966 	 0 	 0 
 427 	 ,905 	 15 	 0 	 0 
 428 	 ,905 	 15,032 	 0 	 0 
 429 	 ,905 	 15,064 	 0 	 0 
 430 	 ,905 	 15,098 	 0 	 0 
 431 	 ,905 	 15,132 	 0 	 0 
 432 	 ,9 	 15,166 	 0 	 0 
 433 	 ,9 	 15,2 	 0 	 0 
 434 	 ,9 	 15,234 	 0 	 0 
 435 	 ,9 	 15,266 	 0 	 0 
 436 	 ,9 	 15,3 	 0 	 0 
 437 	 ,905 	 15,332 	 0 	 0 
 438 	 ,905 	 15,366 	 0 	 0 
 439 	 ,905 	 15,398 	 0 	 0 
 440 	 ,905 	 15,432 	 0 	 0 
 441 	 ,905 	 15,466 	 0 	 0 
 442 	 ,905 	 15,5 	 0 	 0 
 443 	 ,905 	 15,532 	 0 	 0 
 444 	 ,905 	 15,564 	 0 	 0 
 445 	 ,905 	 15,598 	 0 	 0 
 446 	 ,905 	 15,634 	 0 	 0 
 447 	 ,9 	 15,67 	 0 	 0 
 448 	 ,905 	 15,702 	 0 	 0 
 449 	 ,905 	 15,734 	 0 	 0 
 450 	 ,905 	 15,764 	 0 	 0 
 451 	 ,905 	 15,798 	 0 	 0 
 452 	 ,905 	 15,832 	 0 	 0 
 453 	 ,9 	 15,866 	 0 	 0 
 454 	 ,9 	 15,9 	 0 	 0 
 455 	 ,9 	 15,934 	 0 	 0 
 456 	 ,9 	 15,966 	 0 	 0 
 457 	 ,9 	 16 	 0 	 0 
 458 	 ,9 	 16,032 	 0 	 0 
 459 	 ,9 	 16,066 	 0 	 0 
 460 	 ,9 	 16,102 	 0 	 0 
 461 	 ,9 	 16,134 	 0 	 0 
 462 	 ,9 	 16,166 	 0 	 0 
 463 	 ,9 	 16,198 	 0 	 0 
 464 	 ,9 	 16,232 	 0 	 0 
 465 	 ,9 	 16,266 	 0 	 0 
 466 	 ,9 	 16,298 	 0 	 0 
 467 	 ,895 	 16,332 	 0 	 0 
 468 	 ,895 	 16,366 	 0 	 0 
 469 	 ,895 	 16,4 	 0 	 0 
 470 	 ,895 	 16,432 	 0 	 0 
 471 	 ,895 	 16,466 	 0 	 0 
 472 	 ,895 	 16,498 	 0 	 0 
 473 	 ,895 	 16,532 	 0 	 0 
 474 	 ,895 	 16,566 	 0 	 0 
 475 	 ,89 	 16,602 	 0 	 0 
 476 	 ,89 	 16,634 	 0 	 0 
 477 	 ,89 	 16,668 	 0 	 0 
 478 	 ,89 	 16,7 	 0 	 0 
 479 	 ,885 	 16,732 	 0 	 0 
 480 	 ,885 	 16,766 	 0 	 0 
 481 	 ,885 	 16,802 	 0 	 0 
 482 	 ,885 	 16,836 	 0 	 0 
 483 	 ,885 	 16,866 	 0 	 0 
 484 	 ,885 	 16,9 	 0 	 0 
 485 	 ,885 	 16,932 	 0 	 0 
 486 	 ,88 	 16,966 	 0 	 0 
 487 	 ,88 	 17,002 	 0 	 0 
 488 	 ,88 	 17,036 	 0 	 0 
 489 	 ,88 	 17,066 	 0 	 0 
 490 	 ,875 	 17,1 	 0 	 0 
 491 	 ,875 	 17,132 	 0 	 0 
 492 	 ,875 	 17,166 	 0 	 0 
 493 	 ,875 	 17,2 	 0 	 0 
 494 	 ,87 	 17,234 	 0 	 0 
 495 	 ,87 	 17,266 	 0 	 0 
 496 	 ,87 	 17,3 	 0 	 0 
 497 	 ,87 	 17,334 	 0 	 0 
 498 	 ,865 	 17,366 	 0 	 0 
 499 	 ,865 	 17,4 	 0 	 0 
 500 	 ,865 	 17,434 	 0 	 0 
 501 	 ,86 	 17,466 	 0 	 0 
 502 	 ,86 	 17,504 	 0 	 0 
 503 	 ,86 	 17,534 	 0 	 0 
 504 	 ,855 	 17,566 	 0 	 0 
 505 	 ,855 	 17,598 	 0 	 0 
 506 	 ,855 	 17,634 	 0 	 0 
 507 	 ,85 	 17,666 	 0 	 0 
 508 	 ,85 	 17,7 	 0 	 0 
 509 	 ,85 	 17,732 	 0 	 0 
 510 	 ,845 	 17,766 	 0 	 0 
 511 	 ,845 	 17,798 	 0 	 0 
 512 	 ,84 	 17,832 	 0 	 0 
 513 	 ,84 	 17,866 	 0 	 0 
 514 	 ,83 	 18,032 	 0 	 0 
 515 	 ,825 	 18,064 	 0 	 0 
 516 	 ,825 	 18,098 	 0 	 0 
 517 	 ,825 	 18,13 	 0 	 0 
 518 	 ,82 	 18,166 	 0 	 0 
 519 	 ,815 	 18,2 	 0 	 0 
 520 	 ,815 	 18,234 	 0 	 0 
 521 	 ,815 	 18,266 	 0 	 0 
 522 	 ,81 	 18,3 	 0 	 0 
 523 	 ,805 	 18,334 	 0 	 0 
 524 	 ,805 	 18,366 	 0 	 0 
 525 	 ,8 	 18,398 	 0 	 0 
 526 	 ,8 	 18,432 	 0 	 0 
 527 	 ,795 	 18,466 	 0 	 0 
 528 	 ,795 	 18,5 	 0 	 0 
 529 	 ,79 	 18,532 	 0 	 0 
 530 	 ,785 	 18,566 	 0 	 0 
 531 	 ,785 	 18,598 	 0 	 0 
 532 	 ,78 	 18,632 	 0 	 0 
 533 	 ,775 	 18,668 	 0 	 0 
 534 	 ,775 	 18,702 	 0 	 0 
 535 	 ,77 	 18,734 	 0 	 0 
 536 	 ,765 	 18,766 	 0 	 0 
 537 	 ,765 	 18,798 	 0 	 0 
 538 	 ,76 	 18,832 	 0 	 0 
 539 	 ,76 	 18,864 	 0 	 0 
 540 	 ,75 	 18,898 	 0 	 0 
 541 	 ,75 	 18,934 	 0 	 0 
 542 	 ,745 	 18,968 	 0 	 0 
 543 	 ,74 	 19 	 0 	 0 
 544 	 ,735 	 19,03 	 0 	 0 
 545 	 ,735 	 19,064 	 0 	 0 
 546 	 ,73 	 19,098 	 0 	 0 
 547 	 ,725 	 19,132 	 0 	 0 
 548 	 ,72 	 19,166 	 0 	 0 
 549 	 ,715 	 19,2 	 0 	 0 
 550 	 ,71 	 19,232 	 0 	 0 
 551 	 ,705 	 19,264 	 0 	 0 
 552 	 ,705 	 19,298 	 0 	 0 
 553 	 ,695 	 19,332 	 0 	 0 
 554 	 ,695 	 19,366 	 0 	 0 
 555 	 ,685 	 19,4 	 0 	 0 
 556 	 ,68 	 19,438 	 0 	 0 
 557 	 ,675 	 19,468 	 0 	 0 
 558 	 ,67 	 19,5 	 0 	 0 
 559 	 ,665 	 19,532 	 0 	 0 
 560 	 ,66 	 19,564 	 0 	 0 
 561 	 ,655 	 19,6 	 0 	 0 
 562 	 ,65 	 19,634 	 0 	 0 
 563 	 ,645 	 19,666 	 0 	 0 
 564 	 ,64 	 19,7 	 0 	 0 
 565 	 ,63 	 19,732 	 0 	 0 
 566 	 ,625 	 19,766 	 0 	 0 
 567 	 ,615 	 19,798 	 0 	 0 
 568 	 ,61 	 19,832 	 0 	 0 
 569 	 ,605 	 19,866 	 0 	 0 
 570 	 ,6 	 19,9 	 0 	 0 
 571 	 ,59 	 19,932 	 0 	 0 
 572 	 ,58 	 19,966 	 0 	 0 
 573 	 ,575 	 19,998 	 0 	 0 
 574 	 ,565 	 20,032 	 0 	 0 
 575 	 ,555 	 20,066 	 0 	 0 
 576 	 ,545 	 20,1 	 0 	 0 
 577 	 ,535 	 20,138 	 0 	 0 
